           0           1           0           1
  0.19739210368899585        1.0000000000000000      -0.12566371262073517        1.0157913686696267     
  0.39478420737799169        1.0157913686696267      -0.25132742524147034        1.0949975793422204     
  0.59217631106698754        1.0473741060088801      -0.37897553987659355        1.2406149777626565     
  0.78956841475598338        1.0949975793422204      -0.51059245854049284        1.4597243574837473     
  0.98696051844497923        1.1591605233185676      -0.64819391967135431        1.7638084763190895     
   1.1843526221339751        1.2406149777626565      -0.79385833455495980        2.1693365783914111     
   1.3817447258229709        1.3403741633777464      -0.94975861859350597        2.6986443314432385     
   1.5791368295119668        1.4597243574837471       -1.1181950122644655        3.3811552852844664     
   1.7765289332009626        1.6002408941588884       -1.3016293944287904        4.2550099997794986     
   1.9739210368899585        1.7638084763190895       -1.5027216062763213        5.3691925671047560     
   2.1713131405789543        1.9526460523991667       -1.7243683277625002        6.7862727357404902     
   2.3687052442679501        2.1693365783914111       -1.9697450801412020        8.5859168710874254     
   2.5660973479569460        2.4168620580783822       -2.2423519685058291        10.869364558440839     
   2.7634894516459418        2.6986443314432385       -2.5460638276161496        13.765122241926122     
   2.9608815553349377        3.0185921645908431       -2.8851854933482088        17.436193987156180     
   3.1582736590239335        3.3811552852844664       -3.2645129916385556        22.089256135783994     
   3.3556657627129294        3.7913861077123903       -3.6894015177346224        27.986292176817045     
   3.5530578664019252        4.2550099997794977       -4.1658411720084398        35.459342768624175     
   3.7504499700909211        4.7785050676423930       -4.7005415258190855        44.929201317433645     
   3.9478420737799169        5.3691925671047542       -5.3010262133960255        56.929107737764745     
   4.1452341774689128        6.0353392017799363       -5.9757388851540645        72.134774504084021     
   4.3426262811579086        6.7862727357404893       -6.7341620161751958        91.402435703951483     
   4.5400183848469045        7.6325125360825998       -7.5869502430052194        115.81706160329500     
   4.7374104885359003        8.5859168710874254       -8.5460801049136617        146.75345367682479     
   4.9348025922248961        9.6598490254250784       -9.6250182951875143        185.95366037670021     
   5.1321946959138920        10.869364558440841       -10.838910787078220        235.62507295453045     
   5.3295867996028878        12.231422328710025       -12.204795491320134        298.56472516821441     
   5.5269789032918837        13.765122241926122       -13.741841431777994        378.31679627129949     
   5.7243710069808795        15.491973054488783       -15.471617797376688        479.37218638910957     
   5.9217631106698754        17.436193987156180       -17.418396647224139        607.42140251777050     
   6.1191552143588712        19.625054377746931       -19.609493517625523        769.67499534732144     
   6.3165473180478671        22.089256135783994       -22.075650711117014        975.26959095151199     
   6.5139394217368629        24.863364362661532       -24.851468646169984        1235.7823813020373     
   6.7113315254258588        27.986292176817049       -27.975891320224111        1565.8830449671618     
   6.9087236291148546        31.501846543990609       -31.492752697651579        1984.1598081565739     
   7.1061157328038504        35.459342768624182       -35.451391688778116        2514.1661622539464     
   7.3035078364928463        39.914296265807913       -39.907344348174647        3185.7471793184745     
   7.5008999401818421        44.929201317433652       -44.923123003580017        4036.7201114172617     
   7.6982920438708380        50.574407736581470       -50.569093246213157        5115.0039096501932     
   7.8956841475598338        56.929107737764760       -56.924461085986813        6481.3175777480546     
   8.0930762512488297        64.082446856764435       -64.078384120500161        8212.5993066444044     
   8.2904683549378255        72.134774504084049       -72.131222306342138        10406.338924162004     
   8.4878604586268214        81.199051694970592       -81.195945879584897        13186.067623442987     
   8.6852525623158172        91.402435703951511       -91.399720176857898        16708.314101022916     
   8.8826446660048131        102.88806387387179       -102.88568958999448        21171.418810122621     
   9.0800367696938089        115.81706160329502       -115.81498568074456        26826.702666652498     
   9.2774288733828048        130.37080268105467       -130.36898762663901        33992.619126497244     
   9.4748209770718006        146.75345367682482       -146.75186670888564        43072.686548618505     
   9.6722130807607964        165.19483808148667       -165.19345053783053        54578.210629363261     
   9.8696051844497923        185.95366037670024       -185.95244719693136        69157.076426020722     
   10.066997288138788        209.32113526237785       -209.32007453528280        87630.231270987031     
   10.264389391827784        235.62507295453048       -235.62414552234029        111037.91295796080     
   10.461781495516780        265.23447786395616       -265.23366697633816        140698.22634548051     
   10.659173599205776        298.56472516821447       -298.56401617974507        178281.36687215051     
   10.856565702894772        336.08338789631847       -336.08276800197234        225903.67056773484     
   11.053957806583767        378.31679627129955       -378.31625427517838        286246.78658978140     
   11.251349910272763        425.85742132828852       -425.85694744141216        362708.68298449711     
   11.448742013961759        479.37218638910969       -479.37177205261753        459594.98892434203     
   11.646134117650755        539.61182299082236       -539.61146072139206        582361.44805335300     
   11.843526221339751        607.42140251777050       -607.42108577246177        737921.13567765174     
   12.040918325028747        683.75219128005608       -683.75191433813882        935033.73944134789     
   12.238310428717742        769.67499534732144       -769.67475320695371        1184798.8241870843     
   12.435702532406738        866.39518234575530       -866.39497063364524        1501280.8571312097     
   12.633094636095734        975.26959095151199       -975.26940584393174        1902301.1890099051     
   12.830486739784730        1097.8255652952789       -1097.8254034490044        2410441.5882738680     
   13.027878843473726        1235.7823813020373       -1235.7822397939665        3054315.8381267264     
   13.225270947162722        1391.0753655453148       -1391.0752418196735        3870181.0010306942     
   13.422663050851718        1565.8830449671618       -1565.8829367893441        4903979.0822436512     
   13.620055154540713        1762.6577083335708       -1762.6576137497791        6213924.0600578208     
   13.817447258229709        1984.1598081565739       -1984.1597254585326        7873779.9604356121     
   14.014839361918705        2233.4966856902320       -2233.4966133843332        9977014.5669885371     
   14.212231465607701        2514.1661622539459       -2514.1660990342748        12642062.664955957     
   14.409623569296697        2830.1056084037837       -2830.1055531285315        16018995.196567502     
   14.607015672985693        3185.7471793184741       -3185.7471309893153        20297969.873142269     
   14.804407776674688        3586.0799912694470       -3586.0799490135096        25719939.104499813     
   15.001799880363684        4036.7201114172613       -4036.7200744713618        32590218.217560664     
   15.199191984052680        4543.9893427859834       -4543.9893104828425        41295678.001134932     
   15.396584087741676        5115.0039096501914       -5115.0038814063837        52326529.702539116     
   15.593976191430672        5757.7742874571886       -5757.7742627626021        66303929.206234559     
   15.791368295119668        6481.3175777480537       -6481.3175561566804        84014954.807370707     
   15.988760398808664        7295.7840045286521       -7295.7839856505316        106456928.20601089     
   16.186152502497659        8212.5993066444025       -8212.5992901385762        134893574.47188076     
   16.383544606186653        9244.6250237096301       -9244.6250092779865        170926183.39116630     
   16.580936709875651        10406.338924162001       -10406.338911543891        216583779.34644166     
   16.778328813564649        11714.038106576227       -11714.038095543756        274437377.26617032     
   16.975720917253643        13186.067623442981       -13186.067613796891        347744758.48563445     
   17.173113020942637        14843.077834660737       -14843.077826226810        440633918.96122289     
   17.370505124631634        16708.314101022908       -16708.314093648820        558335519.95046473     
   17.567897228320632        18807.942881664174       -18807.942875216741        707477430.63735819     
   17.765289332009626        21171.418810122614       -21171.418804485387        896457948.62853110     
   17.962681435698620        23831.897898542695       -23831.897893613863        1135918714.6582005     
   18.160073539387618        26826.702666652491       -26826.702662343036        1439343951.6987429     
   18.357465643076615        30197.845720575078       -30197.845716807165        1823819772.0997434     
   18.554857746765610        33992.619126497229       -33992.619123202807        2310996309.9342384     
   18.752249850454604        38264.257847221495       -38264.257844341060        2928306856.9768682     
   18.949641954143601        43072.686548618483       -43072.686546100012        3710512652.8141246     
   19.147034057832599        48485.360252550599       -48485.360250348611        4701660317.4256983     
   19.344426161521593        54578.210629363224       -54578.210627437948        5957562150.7961178     
   19.541818265210587        61436.711205003543       -61436.711203320199        7548938967.1671772     
   19.739210368899585        69157.076426020678       -69157.076424548868        9565402439.3853569     
   19.936602472588582        77847.611403525400       -77847.611402238545        12120501202.268238     
   20.133994576277576        87630.231270986973       -87630.231269861833        15358114865.016134     
   20.331386679966570        98642.171470171452       -98642.171469187699        19460555984.507336     
   20.528778783655568        111037.91295796074       -111037.91295710061        24658836227.928314     
   20.726170887344566        124991.34934180803       -124991.34934105599        31245674820.383793     
   20.923562991033560        140698.22634548042       -140698.22634482288        39591981793.343048     
   21.120955094722554        158378.88782712340       -158378.88782654848        50167744218.530960     
   21.318347198411551        178281.36687215045       -178281.36687164777        63568491547.425369     
   21.515739302100549        200684.86532434105       -200684.86532390153        80548830340.321396     
   21.713131405789543        225903.67056773475       -225903.67056735046        102064936751.77763     
   21.910523509478537        254291.56450587951       -254291.56450554350        129328399557.52487     
   22.107915613167535        286246.78658978129       -286246.78658948746        163874445665.78336     
   22.305307716856532        322217.62051837152       -322217.62051811465        207648389944.87701     
   22.502699820545526        362708.68298449699       -362708.68298427237        263115177424.53372     
   22.700091924234520        408288.00268807792       -408288.00268788153        333398186277.87946     
   22.897484027923518        459594.98892434180       -459594.98892417009        422455107688.57391     
   23.094876131612516        517349.40153443866       -517349.40153428854        535300806535.92834     
   23.292268235301510        582361.44805335277       -582361.44805322157        678289712357.44299     
   23.489660338990504        655543.14970290801       -655543.14970279334        859473642244.66821     
   23.687052442679501        737921.13567765139       -737921.13567755115        1089055204959.4417     
   23.884444546368499        830651.04520820174       -830651.04520811408        1379962317810.8103     
   24.081836650057493        935033.73944134754       -935033.73944127082        1748576187787.1960     
   24.279228753746487        1052533.5505651867       -1052533.5505651196        2215653750130.5757     
   24.476620857435485        1184798.8241870839       -1184798.8241870252        2807496507590.0537     
   24.674012961124483        1333685.0431431071       -1333685.0431430559        3557431588607.1260     
   24.871405064813477        1501280.8571312088       -1501280.8571311641        4507688423977.0996     
   25.068797168502471        1689937.3833247502       -1689937.3833247114        5711776719116.8760     
   25.266189272191468        1902301.1890099039       -1902301.1890098699        7237499627416.8594     
   25.463581375880466        2141351.4189437232       -2141351.4189436934        9170771798824.4668     
   25.660973479569460        2410441.5882738670       -2410441.5882738410        11620457300960.359     
   25.858365583258454        2713346.6273117797       -2713346.6273117568        14724499839888.295     
   26.055757686947452        3054315.8381267251       -3054315.8381267055        18657690478063.398     
   26.253149790636449        3438132.5058620390       -3438132.5058620223        23641510255730.254     
   26.450541894325443        3870181.0010306924       -3870181.0010306775        29956601961477.750     
   26.647933998014437        4356522.3141344404       -4356522.3141344273        37958573347102.484     
   26.845326101703435        4903979.0822436493       -4903979.0822436381        48098021678166.422     
   27.042718205392433        5520231.3003328107       -5520231.3003328005        60945907218348.039     
   27.240110309081427        6213924.0600578189       -6213924.0600578096        77225704448330.781     
   27.437502412770421        6994788.8273879951       -6994788.8273879876        97854141479503.750     
   27.634894516459418        7873779.9604356084       -7873779.9604356019        123992821730714.64     
   27.832286620148416        8863228.3826226909       -8863228.3826226853        157113634725056.78     
   28.029678723837410        9977014.5669885315       -9977014.5669885259        199081639339802.59     
   28.227070827526404        11230763.258347467       -11230763.258347461        252260086730094.69     
   28.424462931215402        12642062.664955953       -12642062.664955948        319643496849346.31     
   28.621855034904399        14230711.194618303       -14230711.194618298        405026282209269.25     
   28.819247138593393        16018995.196567496       -16018995.196567491        513216414215304.88     
   29.016639242282388        18032001.605421890       -18032001.605421886        650306163795875.12     
   29.214031345971385        20297969.873142261       -20297969.873142257        824015161941981.62     
   29.411423449660383        22848688.126065150       -22848688.126065146        1044125098164381.0     
   29.608815553349377        25719939.104499806       -25719939.104499802        1323030535078356.2     
   29.806207657038371        28952002.140750479       -28952002.140750475        1676436855916040.5     
   30.003599760727369        32590218.217560656       -32590218.217560653        2124244646936444.8     
   30.200991864416366        36685626.033899248       -36685626.033899240        2691670314998212.0     
   30.398383968105360        41295678.001134925       -41295678.001134917        3410666043146837.5     
   30.595776071794354        46485046.213947959       -46485046.213947952        4321719043025754.5     
   30.793168175483352        52326529.702539109       -52326529.702539101        5476131421421414.0     
   30.990560279172350        58902075.693519346       -58902075.693519339        6938909042010164.0     
   31.187952382861344        66303929.206234552       -66303929.206234545        8792422056370725.0     
   31.385344486550338        74635927.111632377       -74635927.111632377        11141043231625802.     
   31.582736590239335        84014954.807370678       -84014954.807370678        14117025262569074.     
   31.780128693928333        94572585.944128156       -94572585.944128156        17887948024319012.     
   31.977520797617327        106456928.20601085       -106456928.20601085        22666155126119496.     
   32.174912901306321        119834701.03857723       -119834701.03857723        28720711146010364.     
   32.372305004995319        134893574.47188070       -134893574.47188070        36392552867601648.     
   32.569697108684316        151844801.84869885       -151844801.84869885        46113687696941240.     
   32.767089212373307        170926183.39116621       -170926183.39116621        58431520337341168.     
   32.964481316062304        192405402.18019280       -192405402.18019280        74039677576243472.     
   33.161873419751302        216583779.34644151       -216583779.34644151        93817066951976128.     
   33.359265523440300        243800501.15254545       -243800501.15254545        1.1887736872446464E+017
   33.556657627129297        274437377.26617014       -274437377.26617014        1.5063174808146842E+017
   33.754049730818288        308924196.97533441       -308924196.97533441        1.9086831895371043E+017
   33.951441834507285        347744758.48563421       -347744758.48563421        2.4185283410846413E+017
   34.148833938196283        391443655.88133991       -391443655.88133991        3.0645627145949773E+017
   34.346226041885274        440633918.96122253       -440633918.96122253        3.8831650107825043E+017
   34.543618145574271        496005613.12451392       -496005613.12451392        4.9204313650204998E+017
   34.741010249263269        558335519.95046437       -558335519.95046437        6.2347710567671078E+017
   34.938402352952266        628498034.27546823       -628498034.27546823        7.9001955817625523E+017
   35.135794456641264        707477430.63735759       -707477430.63735759        1.0010486297224742E+018
   35.333186560330255        796381671.16662657       -796381671.16662657        1.2684475323402980E+018
   35.530578664019252        896457948.62853038       -896457948.62853038        1.6072737073185457E+018
   35.727970767708250        1009110182.6615598       -1009110182.6615598        2.0366067215024932E+018
   35.925362871397240        1135918714.6581995       -1135918714.6581995        2.5806226526214723E+018
   36.122754975086238        1278662477.5775225       -1278662477.5775225        3.2699554631293768E+018
   36.320147078775236        1439343951.6987414       -1439343951.6987414        4.1434220225834977E+018
   36.517539182464233        1620217256.4074054       -1620217256.4074054        5.2502079159206799E+018
   36.714931286153231        1823819772.0997415       -1823819772.0997415        6.6526371222039060E+018
   36.912323389842221        2053007735.8128982       -2053007735.8128982        8.4296815266152049E+018
   37.109715493531219        2310996309.9342365       -2310996309.9342365        1.0681407889059316E+019
   37.307107597220217        2601404686.0933919       -2601404686.0933919        1.3534612681657317E+019
   37.504499700909207        2928306856.9768658       -2928306856.9768658        1.7149962097235460E+019
   37.701891804598205        3296288768.3173347       -3296288768.3173347        2.1731039288270021E+019
   37.899283908287202        3710512652.8141212       -3710512652.8141212        2.7535808293387375E+019
   38.096676011976200        4176789448.4929566       -4176789448.4929566        3.4891140194084192E+019
   38.294068115665198        4701660317.4256945       -4701660317.4256945        4.4211219480910963E+019
   38.491460219354188        5292488408.3949919       -5292488408.3949919        5.6020867105990705E+019
   38.688852323043186        5957562150.7961121       -5957562150.7961121        7.0985093561196790E+019
   38.886244426732183        6706211528.8339233       -6706211528.8339233        8.9946546138930053E+019
   39.083636530421174        7548938967.1671705       -7548938967.1671705        1.1397295906002990E+020
   39.281028634110172        8497566664.1287355       -8497566664.1287355        1.4441727842262393E+020
   39.478420737799169        9565402439.3853474       -9565402439.3853474        1.8299384765479830E+020
   39.675812841488167        10767426422.629948       -10767426422.629948        2.3187494353349909E+020
   39.873204945177164        12120501202.268229       -12120501202.268229        2.9381309878837114E+020
   40.070597048866155        13643608382.169338       -13643608382.169338        3.7229609937200284E+020
   40.267989152555153        15358114865.016119       -15358114865.016119        4.7174338441405818E+020
   40.465381256244150        17288072597.809746       -17288072597.809746        5.9775490829428038E+020
   40.662773359933141        19460555984.507317       -19460555984.507317        7.5742647845228708E+020
   40.860165463622138        21906041699.184174       -21906041699.184174        9.5974932585279167E+020
   41.057557567311136        24658836227.928295       -24658836227.928295        1.2161164082315778E+021
   41.254949671000134        27757557137.236450       -27757557137.236450        1.5409639564538924E+021
   41.452341774689131        31245674820.383766       -31245674820.383766        1.9525843899623282E+021
   41.649733878378122        35172122321.653412       -35172122321.653412        2.4741563772187003E+021
   41.847125982067119        39591981793.343010       -39591981793.343010        3.1350500446488085E+021
   42.044518085756117        44567257215.507042       -44567257215.507042        3.9724808314263291E+021
   42.241910189445107        50167744218.530907       -50167744218.530907        5.0336051199518829E+021
   42.439302293134105        56472009210.838921       -56472009210.838921        6.3781756486181517E+021
   42.636694396823103        63568491547.425293       -63568491547.425293        8.0819062352301617E+021
   42.834086500512100        71556744200.974579       -71556744200.974579        1.0240735281287417E+022
   43.031478604201098        80548830340.321304       -80548830340.321304        1.2976228138387732E+022
   43.228870707890088        90670895408.143799       -90670895408.143799        1.6442422548229104E+022
   43.426262811579086        102064936751.77751       -102064936751.77751        2.0834502628288686E+022
   43.623654915268084        114890795632.40639       -114890795632.40639        2.6399789842094740E+022
   43.821047018957074        129328399557.52472       -129328399557.52472        3.3451669864221520E+022
   44.018439122646072        145580286393.22113       -145580286393.22113        4.2387239572664570E+022
   44.215831226335069        163874445665.78320       -163874445665.78320        5.3709667884535466E+022
   44.413223330024067        184467516911.81046       -184467516911.81046        6.8056529591218152E+022
   44.610615433713065        207648389944.87680       -207648389944.87680        8.6235707693399221E+022
   44.808007537402055        233742257545.06815       -233742257545.06815        1.0927088592452993E+023
   45.005399641091053        263115177424.53345       -263115177424.53345        1.3845919318228743E+023
   45.202791744780050        296179207466.56378       -296179207466.56378        1.7544424587104365E+023
   45.400183848469041        333398186277.87915       -333398186277.87915        2.2230870122675879E+023
   45.597575952158039        375294240146.57690       -375294240146.57690        2.8169153337439307E+023
   45.794968055847036        422455107688.57349       -422455107688.57349        3.5693663602432842E+023
   45.992360159536034        475542384936.31213       -475542384936.31213        4.5228111974183132E+023
   46.189752263225031        535300806535.92786       -535300806535.92786        5.7309390695602976E+023
   46.387144366914022        602568693254.10645       -602568693254.10645        7.2617806017992283E+023
   46.584536470603020        678289712357.44238       -678289712357.44238        9.2015386777988382E+023
   46.781928574292017        763526115844.72913       -763526115844.72913        1.1659442591538775E+024
   46.979320677981008        859473642244.66736       -859473642244.66736        1.4773898834266290E+024
   47.176712781670005        967478291028.79773       -967478291028.79773        1.8720284872240061E+024
   47.374104885359003        1089055204959.4406       -1089055204959.4406        2.3720824788984981E+024
   47.571496989048001        1225909925263.5796       -1225909925263.5796        3.0057102897195106E+024
   47.768889092736998        1379962317810.8091       -1379962317810.8091        3.8085919971555607E+024
   47.966281196425989        1553373505943.6301       -1553373505943.6301        4.8259384979352101E+024
   48.163673300114986        1748576187787.1943       -1748576187787.1943        6.1150373689927953E+024
   48.361065403803984        1968308763344.7449       -1968308763344.7449        7.7484787757194381E+024
   48.558457507492975        2215653750130.5737       -2215653750130.5737        9.8182430809353498E+024
   48.755849611181972        2494081026254.0361       -2494081026254.0361        1.2440880331040772E+025
   48.953241714870970        2807496507590.0518       -2807496507590.0518        1.5764073280260675E+025
   49.150633818559967        3160296941903.5654       -3160296941903.5654        1.9974953522010054E+025
   49.348025922248965        3557431588607.1230       -3557431588607.1230        2.5310639015239600E+025
   49.545418025937956        4004471649425.7739       -4004471649425.7739        3.2071586382109556E+025
   49.742810129626953        4507688423977.0957       -4507688423977.0957        4.0638509855314228E+025
   49.940202233315951        5074141286671.5684       -5074141286671.5684        5.1493819594210000E+025
   50.137594337004941        5711776719116.8721       -5711776719116.8721        6.5248786578090995E+025
   50.334986440693939        6429539787301.7803       -6429539787301.7803        8.2677963752993245E+025
   50.532378544382937        7237499627416.8535       -7237499627416.8535        1.0476280171371818E+026
   50.729770648071934        8146990700689.2432       -8146990700689.2432        1.3274691495423401E+026
   50.927162751760932        9170771798824.4590       -9170771798824.4590        1.6820611077222802E+026
   51.124554855449922        10323205030662.277       -10323205030662.277        2.1313712421018189E+026
   51.321946959138920        11620457300960.350       -11620457300960.350        2.7007005576688540E+026
   51.519339062827918        13080727107749.754       -13080727107749.754        3.4221084333483848E+026
   51.716731166516908        14724499839888.279       -14724499839888.279        4.3362179106973994E+026
   51.914123270205906        16574835156252.061       -16574835156252.061        5.4945032091385855E+026
   52.111515373894903        18657690478063.379       -18657690478063.379        6.9621882795043375E+026
   52.308907477583901        21002285132465.363       -21002285132465.363        8.8219196157075128E+026
   52.506299581272899        23641510255730.230       -23641510255730.230        1.1178420143435954E+027
   52.703691684961889        26612390206426.477       -26612390206426.477        1.4164386249982078E+027
   52.901083788650887        29956601961477.719       -29956601961477.719        1.7947960021568215E+027
   53.098475892339884        33721059781458.605       -33721059781458.605        2.2742197455694102E+027
   53.295867996028875        37958573347102.453       -37958573347102.453        2.8817065810947134E+027
   53.493260099717872        42728588599685.836       -42728588599685.836        3.6514645674424050E+027
   53.690652203406870        48098021678166.375       -48098021678166.375        4.6268393787067251E+027
   53.888044307095868        54142197651957.367       -54142197651957.367        5.8627551331672355E+027
   54.085436410784865        60945907218347.977       -60945907218347.977        7.4288072133349605E+027
   54.282828514473856        68604596188444.445       -68604596188444.445        9.4131812363590521E+027
   54.480220618162853        77225704448330.719       -77225704448330.719        1.1927618855081853E+028
   54.677612721851851        86930173179059.578       -86930173179059.578        1.5113710017882579E+028
   54.875004825540842        97854141479503.656       -97854141479503.656        1.9150866009381437E+028
   55.072396929229839        110150856193132.77       -110150856193132.77        2.4266422240160431E+028
   55.269789032918837        123992821730714.53       -123992821730714.53        3.0748439681489507E+028
   55.467181136607834        139574220047717.09       -139574220047717.09        3.8961925803857106E+028
   55.664573240296832        157113634725056.66       -157113634725056.66        4.9369388433037054E+028
   55.861965343985823        176857117367945.34       -176857117367945.34        6.2556879927398391E+028
   56.059357447674820        199081639339802.47       -199081639339802.47        7.9266998244446377E+028
   56.256749551363818        224098977253864.25       -224098977253864.25        1.0044070321245594E+029
   56.454141655052808        252260086730094.50       -252260086730094.50        1.2727030271414960E+029
   56.651533758741806        283960025774626.81       -283960025774626.81        1.6126659247585345E+029
   56.848925862430804        319643496849346.06       -319643496849346.06        2.0434393015615580E+029
   57.046317966119801        359811085378509.12       -359811085378509.12        2.5892803432252158E+029
   57.243710069808799        405026282209268.88       -405026282209268.88        3.2809257856052461E+029
   57.441102173497789        455923388540659.25       -455923388540659.25        4.1573227243679386E+029
   57.638494277186787        513216414215304.44       -513216414215304.44        5.2678217564002990E+029
   57.835886380875785        577709094203500.62       -577709094203500.62        6.6749559505085838E+029
   58.033278484564775        650306163795874.50       -650306163795874.50        8.4579621334181348E+029
   58.230670588253773        732026050678612.00       -732026050678612.00        1.0717242777442516E+030
   58.428062691942770        824015161941980.88       -824015161941980.88        1.3580019742205378E+030
   58.625454795631768        927563966447386.50       -927563966447386.50        1.7207498237032166E+030
   58.822846899320766        1044125098164380.1       -1044125098164380.1        2.1803944412335528E+030
   59.020239003009756        1175333734440205.8       -1175333734440205.8        2.7628187746263202E+030
   59.217631106698754        1323030535078355.2       -1323030535078355.2        3.5008195934994378E+030
   59.415023210387751        1489287464026899.2       -1489287464026899.2        4.4359543010153453E+030
   59.612415314076742        1676436855916039.0       -1676436855916039.0        5.6208810637473081E+030
   59.809807417765740        1887104135204681.0       -1887104135204681.0        7.1223240342132139E+030
   60.007199521454737        2124244646936443.0       -2124244646936443.0        9.0248306400762664E+030
   60.204591625143735        2391185115785199.0       -2391185115785199.0        1.1435532515905351E+031
   60.401983728832732        2691670314998209.5       -2691670314998209.5        1.4490178169285120E+031
   60.599375832521723        3029915599931908.0       -3029915599931908.0        1.8360777085421467E+031
   60.796767936210721        3410666043146833.5       -3410666043146833.5        2.3265285715749757E+031
   60.994160039899718        3839263000638137.0       -3839263000638137.0        2.9479880776137903E+031
   61.191552143588709        4321719043025749.0       -4321719043025749.0        3.7354510973702792E+031
   61.388944247277706        4864802302876095.0       -4864802302876095.0        4.7332602892137115E+031
   61.586336350966704        5476131421421407.0       -5476131421421407.0        5.9976030689357675E+031
   61.783728454655702        6164282426636285.0       -6164282426636285.0        7.5996755670673851E+031
   61.981120558344699        6938909042010155.0       -6938909042010155.0        9.6296917386580565E+031
   62.178512662033690        7810878113766740.0       -7810878113766740.0        1.2201963381624054E+032
   62.375904765722687        8792422056370714.0       -8792422056370714.0        1.5461337123470842E+032
   62.573296869411685        9897310454902696.0       -9897310454902696.0        1.9591350848145242E+032
   62.770688973100675        11141043231625786.       -11141043231625786.        2.4824568857790946E+032
   62.968081076789673        12541068086579996.       -12541068086579996.        3.1455677750447050E+032
   63.165473180478671        14117025262569058.       -14117025262569058.        3.9858080452802597E+032
   63.362865284167668        15891023068224194.       -15891023068224194.        5.0504922830966695E+032
   63.560257387856666        17887948024318992.       -17887948024318992.        6.3995736904147546E+032
   63.757649491545656        20135813984221660.       -20135813984221660.        8.1090200961435318E+032
   63.955041595234654        22666155126119472.       -22666155126119472.        1.0275091764026241E+033
   64.152433698923645        25514468330105152.       -25514468330105152.        1.3019761883358775E+033
   64.349825802612642        28720711146010336.       -28720711146010336.        1.6497584974651246E+033
   64.547217906301640        32329862337725724.       -32329862337725724.        2.0904399975525926E+033
   64.744610009990637        36392552867601616.       -36392552867601616.        2.6488358084423573E+033
   64.942002113679635        40965776172690816.       -40965776172690816.        3.3563896348620052E+033
   65.139394217368633        46113687696941192.       -46113687696941192.        4.2529443860220510E+033
   65.336786321057630        51908504895571944.       -51908504895571944.        5.3889857609872331E+033
   65.534178424746614        58431520337341120.       -58431520337341120.        6.8284851378662177E+033
   65.731570528435611        65774242117005400.       -65774242117005400.        8.6525018521328944E+033
   65.928962632124609        74039677576243424.       -74039677576243424.        1.0963747711188167E+034
   66.126354735813607        83343778341716368.       -83343778341716368.        1.3892370776546300E+034
   66.323746839502604        93817066951976064.       -93817066951976064.        1.7603284102943118E+034
   66.521138943191602        1.0560646789234946E+017  -1.0560646789234946E+017   2.2305452121395671E+034
   66.718531046880599        1.1887736872446456E+017  -1.1887736872446456E+017   2.8263657589704611E+034
   66.915923150569597        1.3381594022496485E+017  -1.3381594022496485E+017   3.5813411716582730E+034
   67.113315254258595        1.5063174808146832E+017  -1.5063174808146832E+017   4.5379847060157866E+034
   67.310707357947578        1.6956069278393693E+017  -1.6956069278393693E+017   5.7501657074737285E+034
   67.508099461636576        1.9086831895371034E+017  -1.9086831895371034E+017   7.2861430360430603E+034
   67.705491565325573        2.1485354053511222E+017  -2.1485354053511222E+017   9.2324087760946218E+034
   67.902883669014571        2.4185283410846403E+017  -2.4185283410846403E+017   1.1698558673259245E+035
   68.100275772703569        2.7224495915038038E+017  -2.7224495915038038E+017   1.4823463556558456E+035
   68.297667876392566        3.0645627145949760E+017  -3.0645627145949760E+017   1.8783089263371458E+035
   68.495059980081564        3.4496670428700589E+017  -3.4496670428700589E+017   2.3800405413327714E+035
   68.692452083770547        3.8831650107825030E+017  -3.8831650107825030E+017   3.0157941001930955E+035
   68.889844187459545        4.3711379427563693E+017  -4.3711379427563693E+017   3.8213693829208771E+035
   69.087236291148542        4.9204313650204973E+017  -4.9204313650204973E+017   4.8421289635754946E+035
   69.284628394837540        5.5387510380444845E+017  -5.5387510380444845E+017   6.1355526122877706E+035
   69.482020498526538        6.2347710567671053E+017  -6.2347710567671053E+017   7.7744740260601618E+035
   69.679412602215535        7.0182555351007642E+017  -7.0182555351007642E+017   9.8511821511945034E+035
   69.876804705904533        7.9001955817625510E+017  -7.9001955817625510E+017   1.2482618046020106E+036
   70.074196809593531        8.8929634889967616E+017  -8.8929634889967616E+017   1.5816959923325892E+036
   70.271588913282528        1.0010486297224741E+018  -1.0010486297224741E+018   2.0041967181384862E+036
   70.468981016971512        1.1268441170472998E+018  -1.1268441170472998E+018   2.5395553282482174E+036
   70.666373120660509        1.2684475323402977E+018  -1.2684475323402977E+018   3.2179182846003814E+036
   70.863765224349507        1.4278453585187896E+018  -1.4278453585187896E+018   4.0774847356873017E+036
   71.061157328038504        1.6072737073185454E+018  -1.6072737073185454E+018   5.1666575404750026E+036
   71.258549431727502        1.8092496885778867E+018  -1.8092496885778867E+018   6.5467688712383598E+036
   71.455941535416500        2.0366067215024929E+018  -2.0366067215024929E+018   8.2955338761382654E+036
   71.653333639105497        2.2925342832748398E+018  -2.2925342832748398E+018   1.0511426879980967E+037
   71.850725742794481        2.5806226526214723E+018  -2.5806226526214723E+018   1.3319226550446168E+037
   72.048117846483478        2.9049132760230564E+018  -2.9049132760230564E+018   1.6877042282430011E+037
   72.245509950172476        3.2699554631293763E+018  -3.2699554631293763E+018   2.1385217461699307E+037
   72.442902053861474        3.6808702067306691E+018  -3.6808702067306691E+018   2.7097610957594957E+037
   72.640294157550471        4.1434220225834977E+018  -4.1434220225834977E+018   3.4335892114459844E+037
   72.837686261239469        4.6640998168958556E+018  -4.6640998168958556E+018   4.3507654203935910E+037
   73.035078364928466        5.2502079159206799E+018  -5.2502079159206799E+018   5.5129366320792336E+037
   73.232470468617464        5.9099685346660454E+018  -5.9099685346660454E+018   6.9855456161485447E+037
   73.429862572306462        6.6526371222039071E+018  -6.6526371222039071E+018   8.8515161359450964E+037
   73.627254675995445        7.4886322016985733E+018  -7.4886322016985733E+018   1.1215922450463364E+038
   73.824646779684443        8.4296815266152059E+018  -8.4296815266152059E+018   1.4211906128031533E+038
   74.022038883373440        9.4889866034601001E+018  -9.4889866034601001E+018   1.8008173352129048E+038
   74.219430987062438        1.0681407889059316E+019  -1.0681407889059316E+019   2.2818494898491717E+038
   74.416823090751436        1.2023673260414919E+019  -1.2023673260414919E+019   2.8913743734643343E+038
   74.614215194440433        1.3534612681657317E+019  -1.3534612681657317E+019   3.6637148088495816E+038
   74.811607298129431        1.5235422360118061E+019  -1.5235422360118061E+019   4.6423618898237076E+038
   75.008999401818414        1.7149962097235460E+019  -1.7149962097235460E+019   5.8824239987322577E+038
   75.206391505507412        1.9305090005678957E+019  -1.9305090005678957E+019   7.4537300025473107E+038
   75.403783609196410        2.1731039288270025E+019  -2.1731039288270025E+019   9.4447613709667080E+038
   75.601175712885407        2.4461842364341092E+019  -2.4461842364341092E+019   1.1967634637157452E+039
   75.798567816574405        2.7535808293387375E+019  -2.7535808293387375E+019   1.5164414767403617E+039
   75.995959920263402        3.0996060193547260E+019  -3.0996060193547260E+019   1.9215114950440101E+039
   76.193352023952400        3.4891140194084192E+019  -3.4891140194084192E+019   2.4347833280864750E+039
   76.390744127641398        3.9275690408443372E+019  -3.9275690408443372E+019   3.0851597141197814E+039
   76.588136231330395        4.4211219480910963E+019  -4.4211219480910963E+019   3.9092638559785622E+039
   76.785528335019379        4.9766965460372406E+019  -4.9766965460372406E+019   4.9535017022677999E+039
   76.982920438708376        5.6020867105990697E+019  -5.6020867105990697E+019   6.2766751026141410E+039
   77.180312542397374        6.3060657250762310E+019  -6.3060657250762310E+019   7.9532929857962421E+039
   77.377704646086372        7.0985093561196782E+019  -7.0985093561196782E+019   1.0077767015783722E+040
   77.575096749775369        7.9905343958827008E+019  -7.9905343958827008E+019   1.2769727986356903E+040
   77.772488853464367        8.9946546138930037E+019  -8.9946546138930037E+019   1.6180762324645340E+040
   77.969880957153364        1.0124956306416024E+020  -1.0124956306416024E+020   2.0502948041366722E+040
   78.167273060842348        1.1397295906002987E+020  -1.1397295906002987E+020   2.5979670793798488E+040
   78.364665164531345        1.2829522423388427E+020  -1.2829522423388427E+020   3.2919329122445292E+040
   78.562057268220343        1.4441727842262388E+020  -1.4441727842262388E+020   4.1712700613995332E+040
   78.759449371909341        1.6256528979579319E+020  -1.6256528979579319E+020   5.2854946892780441E+040
   78.956841475598338        1.8299384765479826E+020  -1.8299384765479826E+020   6.6973496559015030E+040
   79.154233579287336        2.0598953393785343E+020  -2.0598953393785343E+020   8.4863376183868145E+040
   79.351625682976334        2.3187494353349902E+020  -2.3187494353349902E+020   1.0753197887732672E+041
   79.549017786665331        2.6101320980164185E+020  -2.6101320980164185E+020   1.3625579138191181E+041
   79.746409890354329        2.9381309878837104E+020  -2.9381309878837104E+020   1.7265227403925016E+041
   79.943801994043312        3.3073474359872055E+020  -3.3073474359872055E+020   2.1877094124662283E+041
   80.141194097732310        3.7229609937200271E+020  -3.7229609937200271E+020   2.7720877121521622E+041
   80.338586201421307        4.1908020941330671E+020  -4.1908020941330671E+020   3.5125644384380200E+041
   80.535978305110305        4.7174338441405799E+020  -4.7174338441405799E+020   4.4508364147685939E+041
   80.733370408799303        5.3102440950379918E+020  -5.3102440950379918E+020   5.6397384697771725E+041
   80.930762512488300        5.9775490829428025E+020  -5.9775490829428025E+020   7.1462186077980684E+041
   81.128154616177298        6.7287100930780653E+020  -6.7287100930780653E+020   9.0551079033381246E+041
   81.325546719866281        7.5742647845228669E+020  -7.5742647845228669E+020   1.1473897405212646E+042
   81.522938823555279        8.5260750177185025E+020  -8.5260750177185025E+020   1.4538791041552714E+042
   81.720330927244277        9.5974932585279101E+020  -9.5974932585279101E+020   1.8422375369497737E+042
   81.917723030933274        1.0803549893247005E+021  -1.0803549893247005E+021   2.3343338059175475E+042
   82.115115134622272        1.2161164082315770E+021  -1.2161164082315770E+021   2.9578782367401435E+042
   82.312507238311269        1.3689381110689505E+021  -1.3689381110689505E+021   3.7479831038740525E+042
   82.509899342000267        1.5409639564538911E+021  -1.5409639564538911E+021   4.7491398301800594E+042
   82.707291445689265        1.7346072082366239E+021  -1.7346072082366239E+021   6.0177243337329078E+042
   82.904683549378262        1.9525843899623266E+021  -1.9525843899623266E+021   7.6251715998491023E+042
   83.102075653067246        2.1979533936102859E+021  -2.1979533936102859E+021   9.6619982409659445E+042
   83.299467756756243        2.4741563772186987E+021  -2.4741563772186987E+021   1.2242899557863912E+043
   83.496859860445241        2.7850680531842687E+021  -2.7850680531842687E+021   1.5513208121735225E+043
   83.694251964134239        3.1350500446488069E+021  -3.1350500446488069E+021   1.9657077564904974E+043
   83.891644067823236        3.5290120725111778E+021  -3.5290120725111778E+021   2.4907852415859275E+043
   84.089036171512234        3.9724808314263275E+021  -3.9724808314263275E+021   3.1561207912099212E+043
   84.286428275201231        4.4716775210180647E+021  -4.4716775210180647E+021   3.9991799703956529E+043
   84.483820378890215        5.0336051199518798E+021  -5.0336051199518798E+021   5.0674361007211554E+043
   84.681212482579213        5.6661466271917739E+021  -5.6661466271917739E+021   6.4210435201673434E+043
   84.878604586268210        6.3781756486181485E+021  -6.3781756486181485E+021   8.1362249209251081E+043
   85.075996689957208        7.1796808803706712E+021  -7.1796808803706712E+021   1.0309563508792035E+044
   85.273388793646205        8.0819062352301575E+021  -8.0819062352301575E+021   1.3063441679010421E+044
   85.470780897335203        9.0975085778018480E+021  -9.0975085778018480E+021   1.6552932464635640E+044
   85.668173001024201        1.0240735281287413E+022  -1.0240735281287413E+022   2.0974531820280958E+044
   85.865565104713198        1.1527624096700139E+022  -1.1527624096700139E+022   2.6577223462964339E+044
   86.062957208402196        1.2976228138387727E+022  -1.2976228138387727E+022   3.3676499339897086E+044
   86.260349312091179        1.4606869142071180E+022  -1.4606869142071180E+022   4.2672125226718249E+044
   86.457741415780177        1.6442422548229098E+022  -1.6442422548229098E+022   5.4070651850902533E+044
   86.655133519469175        1.8508638410118456E+022  -1.8508638410118456E+022   6.8513939159302446E+044
   86.852525623158172        2.0834502628288682E+022  -2.0834502628288682E+022   8.6815299953633596E+044
   87.049917726847170        2.3452643579165904E+022  -2.3452643579165904E+022   1.1000529817027834E+045
   87.247309830536167        2.6399789842094740E+022  -2.6399789842094740E+022   1.3938978074135373E+045
   87.444701934225165        2.9717285446059538E+022  -2.9717285446059538E+022   1.7662341085651642E+045
   87.642094037914148        3.3451669864221520E+022  -3.3451669864221520E+022   2.2380284334097325E+045
   87.839486141603146        3.7655330892722758E+022  -3.7655330892722758E+022   2.8358478892808817E+045
   88.036878245292144        4.2387239572664561E+022  -4.2387239572664561E+022   3.5933561571809214E+045
   88.234270348981141        4.7713777465110131E+022  -4.7713777465110131E+022   4.5532091199801029E+045
   88.431662452670139        5.3709667884535441E+022  -5.3709667884535441E+022   5.7694568485341949E+045
   88.629054556359137        6.0459024154532833E+022  -6.0459024154532833E+022   7.3105872034367693E+045
   88.826446660048134        6.8056529591218135E+022  -6.8056529591218135E+022   9.2633824400006996E+045
   89.023838763737132        7.6608765767733538E+022  -7.6608765767733538E+022   1.1737805984910925E+046
   89.221230867426129        8.6235707693399221E+022  -8.6235707693399221E+022   1.4873194562762788E+046
   89.418622971115113        9.7072406882628269E+022  -9.7072406882628269E+022   1.8846104355973073E+046
   89.616015074804110        1.0927088592452995E+023  -1.0927088592452995E+023   2.3880253021463273E+046
   89.813407178493108        1.2300227113116322E+023  -1.2300227113116322E+023   3.0259117406848379E+046
   90.010799282182106        1.3845919318228747E+023  -1.3845919318228747E+023   3.8341896353380002E+046
   90.208191385871103        1.5585848944404531E+023  -1.5585848944404531E+023   4.8583737463559161E+046
   90.405583489560101        1.7544424587104372E+023  -1.7544424587104372E+023   6.1561366818518480E+046
   90.602975593249099        1.9749122116514416E+023  -1.9749122116514416E+023   7.8005564874599769E+046
   90.800367696938082        2.2230870122675890E+023  -2.2230870122675890E+023   9.8842317282256710E+046
   90.997759800627080        2.5024483797080719E+023  -2.5024483797080719E+023   1.2524495786207109E+047
   91.195151904316077        2.8169153337439314E+023  -2.8169153337439314E+023   1.5870023994963368E+047
   91.392544008005075        3.1708993727204711E+023  -3.1708993727204711E+023   2.0109205663838154E+047
   91.589936111694072        3.5693663602432855E+023  -3.5693663602432855E+023   2.5480752427272801E+047
   91.787328215383070        4.0179061887750171E+023  -4.0179061887750171E+023   3.2287140283593166E+047
   91.984720319072068        4.5228111974183139E+023  -4.5228111974183139E+023   4.0911642254984968E+047
   92.182112422761065        5.0911644439685320E+023  -5.0911644439685320E+023   5.1839910791058823E+047
   92.379504526450063        5.7309390695602989E+023  -5.7309390695602989E+023   6.5687325238025326E+047
   92.576896630139046        6.4511101498444676E+023  -6.4511101498444676E+023   8.3233644330852627E+047
   92.774288733828044        7.2617806017992310E+023  -7.2617806017992310E+023   1.0546691501733520E+048
   92.971680837517042        8.1743229124585582E+023  -8.1743229124585582E+023   1.3363911015428992E+048
   93.169072941206039        9.2015386777988409E+023  -9.2015386777988409E+023   1.6933662807805607E+048
   93.366465044895037        1.0357838189874334E+024  -1.0357838189874334E+024   2.1456962393523844E+048
   93.563857148584034        1.1659442591538779E+024  -1.1659442591538779E+024   2.7188520309077701E+048
   93.761249252273032        1.3124611434679867E+024  -1.3124611434679867E+024   3.4451085062265902E+048
   93.958641355962015        1.4773898834266292E+024  -1.4773898834266292E+024   4.3653617353026980E+048
   94.156033459651013        1.6630441811663346E+024  -1.6630441811663346E+024   5.5314318970224086E+048
   94.353425563340011        1.8720284872240066E+024  -1.8720284872240066E+024   7.0089813139564053E+048
   94.550817667029008        2.1072745370603537E+024  -2.1072745370603537E+024   8.8812119490858562E+048
   94.748209770718006        2.3720824788984986E+024  -2.3720824788984986E+024   1.1253550573394492E+049
   94.945601874407004        2.6701671698394809E+024  -2.6701671698394809E+024   1.4259585429777165E+049
   95.142993978096001        3.0057102897195112E+024  -3.0057102897195112E+024   1.8068588691451497E+049
   95.340386081784999        3.3834190037880106E+024  -3.3834190037880106E+024   2.2895048310387707E+049
   95.537778185473996        3.8085919971555612E+024  -3.8085919971555612E+024   2.9010746001594775E+049
   95.735170289162980        4.2871938073757496E+024  -4.2871938073757496E+024   3.6760061484001952E+049
   95.932562392851978        4.8259384979352112E+024  -4.8259384979352112E+024   4.6579364771706322E+049
   96.129954496540975        5.4323838464650836E+024  -5.4323838464650836E+024   5.9021588510669558E+049
   96.327346600229973        6.1150373689927953E+024  -6.1150373689927953E+024   7.4787364048356658E+049
   96.524738703918970        6.8834756675949622E+024  -6.8834756675949622E+024   9.4764474532743813E+049
   96.722130807607968        7.7484787757194392E+024  -7.7484787757194392E+024   1.2007784667554923E+050
   96.919522911296966        8.7221813858393126E+024  -8.7221813858393126E+024   1.5215289625496358E+050
   97.116915014985949        9.8182430809353498E+024  -9.8182430809353498E+024   1.9279579439266972E+050
   97.314307118674947        1.1052039957898530E+025  -1.1052039957898530E+025   2.4429517446197147E+050
   97.511699222363944        1.2440880331040774E+025  -1.2440880331040774E+025   3.0955100682255439E+050
   97.709091326052942        1.4004247541709638E+025  -1.4004247541709638E+025   3.9223789841896092E+050
   97.906483429741940        1.5764073280260675E+025  -1.5764073280260675E+025   4.9701201277085718E+050
   98.103875533430937        1.7745045254683563E+025  -1.7745045254683563E+025   6.2977326218153527E+050
   98.301267637119935        1.9974953522010058E+025  -1.9974953522010058E+025   7.9799753641292407E+050
   98.498659740808932        2.2485080341012471E+025  -2.2485080341012471E+025   1.0111576758835710E+051
   98.696051844497930        2.5310639015239604E+025  -2.5310639015239604E+025   1.2812568947195385E+051
   98.893443948186913        2.8491267882697842E+025  -2.8491267882697842E+025   1.6235046911272993E+051
   99.090836051875911        3.2071586382109565E+025  -3.2071586382109565E+025   2.0571733061302314E+051
   99.288228155564909        3.6101820996522063E+025  -3.6101820996522063E+025   2.6066829585298425E+051
   99.485620259253906        4.0638509855314236E+025  -4.0638509855314236E+025   3.3029769665209446E+051
   99.683012362942904        4.5745295879107358E+025  -4.5745295879107358E+025   4.1852641901341532E+051
   99.880404466631902        5.1493819594210008E+025  -5.1493819594210008E+025   5.3032269128020932E+051
   100.07779657032090        5.7964724141440795E+025  -5.7964724141440795E+025   6.7198184895866583E+051
   100.27518867400988        6.5248786578091004E+025  -6.5248786578091004E+025   8.5148082998265380E+051
   100.47258077769888        7.3448191343491915E+025  -7.3448191343491915E+025   1.0789273623260402E+052
   100.66997288138788        8.2677963752993245E+025  -8.2677963752993245E+025   1.3671291380682529E+052
   100.86736498507688        9.3067583630116941E+025  -9.3067583630116941E+025   1.7323150245497622E+052
   101.06475708876587        1.0476280171371820E+026  -1.0476280171371820E+026   2.1950489245815672E+052
   101.26214919245487        1.1792768432161394E+026  -1.1792768432161394E+026   2.7813877458916462E+052
   101.45954129614387        1.3274691495423401E+026  -1.3274691495423401E+026   3.5243486859733276E+052
   101.65693339983287        1.4942838512633204E+026  -1.4942838512633204E+026   4.4657684562926823E+052
   101.85432550352186        1.6820611077222795E+026  -1.6820611077222795E+026   5.6586591402238037E+052
   102.05171760721085        1.8934351513736076E+026  -1.8934351513736076E+026   7.1701933449143925E+052
   102.24910971089984        2.1313712421018189E+026  -2.1313712421018189E+026   9.0854867433173001E+052
   102.44650181458884        2.3992072653574011E+026  -2.3992072653574011E+026   1.1512391004287477E+053
   102.64389391827784        2.7007005576688533E+026  -2.7007005576688533E+026   1.4587567004385711E+053
   102.84128602196684        3.0400806164224111E+026  -3.0400806164224111E+026   1.8484180308694533E+053
   103.03867812565584        3.4221084333483841E+026  -3.4221084333483841E+026   2.3421652259188262E+053
   103.23607022934483        3.8521432840736697E+026  -3.8521432840736697E+026   2.9678015762067753E+053
   103.43346233303382        4.3362179106973980E+026  -4.3362179106973980E+026   3.7605571538105818E+053
   103.63085443672281        4.8811231520881604E+026  -4.8811231520881604E+026   4.7650726451702114E+053
   103.82824654041181        5.4945032091385842E+026  -5.4945032091385842E+026   6.0379131030468402E+053
   104.02563864410081        6.1849628814054822E+026  -6.1849628814054822E+026   7.6507531688727209E+053
   104.22303074778981        6.9621882795043347E+026  -6.9621882795043347E+026   9.6944131278535054E+053
   104.42042285147880        7.8370827066714185E+026  -7.8370827066714185E+026   1.2283973070241641E+054
   104.61781495516780        8.8219196157075086E+026  -8.8219196157075086E+026   1.5565253141200982E+054
   104.81520705885680        9.9305147870590037E+026  -9.9305147870590037E+026   1.9723024787199506E+054
   105.01259916254580        1.1178420143435948E+027  -1.1178420143435948E+027   2.4991415380634913E+054
   105.20999126623478        1.2583141919894519E+027  -1.2583141919894519E+027   3.1667092115241348E+054
   105.40738336992378        1.4164386249982069E+027  -1.4164386249982069E+027   4.0125967567736224E+054
   105.60477547361278        1.5944335613148908E+027  -1.5944335613148908E+027   5.0844367628945714E+054
   105.80216757730177        1.7947960021568207E+027  -1.7947960021568207E+027   6.4425853787162129E+054
   105.99955968099077        2.0203367311846998E+027  -2.0203367311846998E+027   8.1635210147481555E+054
   106.19695178467977        2.2742197455694094E+027  -2.2742197455694094E+027   1.0344150902275579E+055
   106.39434388836877        2.5600066421130452E+027  -2.5600066421130452E+027   1.3107268015325818E+055
   106.59173599205775        2.8817065810947123E+027  -2.8817065810947123E+027   1.6608465639049153E+055
   106.78912809574675        3.2438325287586796E+027  -3.2438325287586796E+027   2.1044898949265861E+055
   106.98652019943574        3.6514645674424028E+027  -3.6514645674424028E+027   2.6666386974574665E+055
   107.18391230312474        4.1103211614902820E+027  -4.1103211614902820E+027   3.3789480101189643E+055
   107.38130440681374        4.6268393787067229E+027  -4.6268393787067229E+027   4.2815285272702428E+055
   107.57869651050274        5.2082651927348258E+027  -5.2082651927348258E+027   5.4252052635706268E+055
   107.77608861419174        5.8627551331672333E+027  -5.8627551331672333E+027   6.8743795502957489E+055
   107.97348071788073        6.5994907093873000E+027  -6.5994907093873000E+027   8.7106555246578576E+055
   108.17087282156973        7.4288072133349572E+027  -7.4288072133349572E+027   1.1037435322579498E+056
   108.36826492525871        8.3623387081063260E+027  -8.3623387081063260E+027   1.3985741733818676E+056
   108.56565702894771        9.4131812363590488E+027  -9.4131812363590488E+027   1.7721596197708415E+056
   108.76304913263671        1.0596076538091770E+028  -1.0596076538091770E+028   2.2455367600219772E+056
   108.96044123632571        1.1927618855081849E+028  -1.1927618855081849E+028   2.8453618310420807E+056
   109.15783334001470        1.3426487723136516E+028  -1.3426487723136516E+028   3.6054114515907117E+056
   109.35522544370370        1.5113710017882572E+028  -1.5113710017882572E+028   4.5684846100928807E+056
   109.55261754739270        1.7012954930202894E+028  -1.7012954930202894E+028   5.7888127091422993E+056
   109.75000965108168        1.9150866009381430E+028  -1.9150866009381430E+028   7.3351133781856200E+056
   109.94740175477068        2.1557434932022543E+028  -2.1557434932022543E+028   9.2944600169677159E+056
   110.14479385845968        2.4266422240160422E+028  -2.4266422240160422E+028   1.1777184966755047E+057
   110.34218596214868        2.7315830950881359E+028  -2.7315830950881359E+028   1.4923092410742560E+057
   110.53957806583767        3.0748439681489499E+028  -3.0748439681489499E+028   1.8909330856923960E+057
   110.73697016952667        3.4612402769160205E+028  -3.4612402769160205E+028   2.3960368509091382E+057
   110.93436227321567        3.8961925803857093E+028  -3.8961925803857093E+028   3.0360633246905304E+057
   111.13175437690467        4.3858026051223400E+028  -4.3858026051223400E+028   3.8470528982195809E+057
   111.32914648059366        4.9369388433037054E+028  -4.9369388433037054E+028   4.8746730285041856E+057
   111.52653858428265        5.5573329073347673E+028  -5.5573329073347673E+028   6.1767898085891797E+057
   111.72393068797165        6.2556879927398382E+028  -6.2556879927398382E+028   7.8267264525018778E+057
   111.92132279166064        7.0418009709044807E+028  -7.0418009709044807E+028   9.9173921827662579E+057
   112.11871489534964        7.9266998244446360E+028  -7.9266998244446360E+028   1.2566514021370125E+058
   112.31610699903864        8.9227983532144788E+028  -8.9227983532144788E+028   1.5923266090425403E+058
   112.51349910272764        1.0044070321245592E+029  -1.0044070321245592E+029   2.0176669723625306E+058
   112.71089120641663        1.1306245487637054E+029  -1.1306245487637054E+029   2.5566237405342645E+058
   112.90828331010562        1.2727030271414960E+029  -1.2727030271414960E+029   3.2395459905902552E+058
   113.10567541379461        1.4326356145957448E+029  -1.4326356145957448E+029   4.1048896084162549E+058
   113.30306751748361        1.6126659247585349E+029  -1.6126659247585349E+029   5.2013827697546010E+058
   113.50045962117261        1.8153195120806436E+029  -1.8153195120806436E+029   6.5907698618814120E+058
   113.69785172486161        2.0434393015615587E+029  -2.0434393015615587E+029   8.3512883583327809E+058
   113.89524382855060        2.3002254707109062E+029  -2.3002254707109062E+029   1.0582074432214421E+059
   114.09263593223960        2.5892803432252168E+029  -2.5892803432252168E+029   1.3408745391624994E+059
   114.29002803592860        2.9146589241707889E+029  -2.9146589241707889E+029   1.6990473288496840E+059
   114.48742013961760        3.2809257856052482E+029  -3.2809257856052482E+029   2.1528948021298832E+059
   114.68481224330658        3.6932191006575058E+029  -3.6932191006575058E+029   2.7279734650922871E+059
   114.88220434699558        4.1573227243679407E+029  -4.1573227243679407E+029   3.4566664469092151E+059
   115.07959645068458        4.6797473324745656E+029  -4.6797473324745656E+029   4.3800070191605628E+059
   115.27698855437357        5.2678217564003011E+029  -5.2678217564003011E+029   5.5499892114408710E+059
   115.47438065806257        5.9297957957338451E+029  -5.9297957957338451E+029   7.0324956358205573E+059
   115.67177276175157        6.6749559505085866E+029  -6.6749559505085866E+029   8.9110073882459973E+059
   115.86916486544057        7.5137556968293637E+029  -7.5137556968293637E+029   1.1291304934327143E+060
   116.06655696912955        8.4579621334181404E+029  -8.4579621334181404E+029   1.4307424690067028E+060
   116.26394907281855        9.5208210563090581E+029  -9.5208210563090581E+029   1.8129206717251586E+060
   116.46134117650755        1.0717242777442523E+030  -1.0717242777442523E+030   2.2971858550128785E+060
   116.65873328019654        1.2064011293913711E+030  -1.2064011293913711E+030   2.9108073699935513E+060
   116.85612538388554        1.3580019742205387E+030  -1.3580019742205387E+030   3.6883387239737613E+060
   117.05351748757454        1.5286535440473794E+030  -1.5286535440473794E+030   4.6735633154572271E+060
   117.25090959126354        1.7207498237032177E+030  -1.7207498237032177E+030   5.9219599115493095E+060
   117.44830169495253        1.9369856350412397E+030  -1.9369856350412397E+030   7.5038267007122296E+060
   117.64569379864153        2.1803944412335542E+030  -2.1803944412335542E+030   9.5082398387243657E+060
   117.84308590233051        2.4543909016965760E+030  -2.4543909016965760E+030   1.2048069396661863E+061
   118.04047800601951        2.7628187746263213E+030  -2.7628187746263213E+030   1.5266335162855374E+061
   118.23787010970851        3.1100048391441350E+030  -3.1100048391441350E+030   1.9344260198999874E+061
   118.43526221339751        3.5008195934994395E+030  -3.5008195934994395E+030   2.4511475652459163E+061
