.000000   .000000
.040161   .000000
.080321   .000000
.120482   .000000
.160643   .000000
.200803   .000000
.240964   .000000
.281124   .000000
.321285   .000000
.361446   .000000
.401606   .000000
.441767   .000000
.481928   .000000
.522088   .000000
.562249   .000000
.602410   .000000
.642570   .000000
.682731   .000000
.722892   .000000
.763052   .000000
.803213   .000000
.843373   .000000
.883534   .000000
.923695   .000000
.963855   .000000
1.004016   .000000
1.044177   .000000
1.084337   .000000
1.124498   .000000
1.164659   .000000
1.204819   .000000
1.244980   .000000
1.285141   .000000
1.325301   .000000
1.365462   .000000
1.405622   .000000
1.445783   .000000
1.485944   .000000
1.526104   .000000
1.566265   .000000
1.606426   .000000
1.646586   .000000
1.686747   .000000
1.726908   .000000
1.767068   .000000
1.807229   .000000
1.847389   .000000
1.887550   .000000
1.927711   .000000
1.967871   .000000
2.008032   .000000
2.048193   .000000
2.088353   .000000
2.128514   .000000
2.168675   .000000
2.208835   .000000
2.248996   .000000
2.289156   .000000
2.329317   .000000
2.369478   .000000
2.409638   .000000
2.449799   .000000
2.489960   .000000
2.530120   .000000
2.570281   .000000
2.610442   .000000
2.650602   .000000
2.690763   .000000
2.730924   .000000
2.771084   .000000
2.811245   .000000
2.851406   .000000
2.891566   .000000
2.931727   .000000
2.971887   .000000
3.012048   .000000
3.052209   .000000
3.092369   .000000
3.132530   .000000
3.172691   .000000
3.212851   .000001
3.253012   .000002
3.293173   .000005
3.333333   .000014
3.373494   .000034
3.413655   .000083
3.453815   .000195
3.493976   .000440
3.534136   .000955
3.574297   .001996
3.614458   .004010
3.654618   .007745
3.694779   .014373
3.734940   .025622
3.775100   .043854
3.815261   .072045
3.855422   .113583
3.895582   .171811
3.935743   .249337
3.975904   .347158
4.016064   .463791
4.056225   .594662
4.096385   .732017
4.136546   .865528
4.176707   .983583
4.216867   1.075061
4.257028   1.131179
4.297189   1.146971
4.337349   1.122036
4.377510   1.060403
4.417671   .969585
4.457831   .859132
4.497992   .739043
4.538152   .618392
4.578313   .504398
4.618474   .402002
4.658634   .313902
4.698795   .240901
4.738955   .182421
4.779116   .137030
4.819277   .102901
4.859437   .078175
4.899598   .061188
4.939759   .050620
4.979919   .045566
5.020080   .045569
5.060241   .050629
5.100401   .061204
5.140562   .078199
5.180723   .102937
5.220883   .137079
5.261044   .182490
5.301205   .240993
5.341365   .314022
5.381526   .402158
5.421687   .504594
5.461847   .618633
5.502008   .739331
5.542169   .859468
5.582329   .969965
5.622490   1.060819
5.662651   1.122476
5.702811   1.147421
5.742972   1.131623
5.783133   1.075484
5.823293   .983970
5.863453   .865869
5.903614   .732306
5.943775   .594897
5.983935   .463974
6.024096   .347295
6.064257   .249436
6.104417   .171879
6.144578   .113628
6.184739   .072074
6.224899   .043871
6.265060   .025632
6.305221   .014379
6.345381   .007748
6.385542   .004011
6.425703   .001997
6.465863   .000956
6.506024   .000440
6.546185   .000195
6.586345   .000083
6.626506   .000034
6.666667   .000014
6.706827   .000005
6.746988   .000002
6.787148   .000001
6.827309   .000000
6.867470   .000000
6.907630   .000000
6.947791   .000000
6.987952   .000000
7.028112   .000000
7.068273   .000000
7.108433   .000000
7.148594   .000000
7.188755   .000000
7.228915   .000000
7.269076   .000000
7.309237   .000000
7.349397   .000000
7.389558   .000000
7.429718   .000000
7.469879   .000000
7.510040   -.000000
7.550200   -.000000
7.590361   .000000
7.630522   .000000
7.670682   .000000
7.710843   .000000
7.751004   -.000000
7.791164   -.000000
7.831325   -.000000
7.871486   .000000
7.911646   .000000
7.951807   .000000
7.991968   .000000
8.032128   -.000000
8.072289   .000000
8.112450   -.000000
8.152610   .000000
8.192771   .000000
8.232931   .000000
8.273092   -.000000
8.313252   .000000
8.353414   -.000000
8.393574   .000000
8.433735   .000000
8.473895   -.000000
8.514056   .000000
8.554216   -.000000
8.594378   .000000
8.634538   -.000000
8.674699   -.000000
8.714859   -.000000
8.755020   -.000000
8.795180   -.000000
8.835341   -.000000
8.875502   -.000000
8.915663   .000000
8.955823   -.000000
8.995983   -.000000
9.036144   .000000
9.076304   .000000
9.116466   .000000
9.156626   .000000
9.196787   -.000000
9.236947   -.000000
9.277108   -.000000
9.317268   .000000
9.357430   -.000000
9.397590   .000000
9.437751   .000000
9.477911   .000000
9.518072   .000000
9.558232   -.000000
9.598393   -.000000
9.638554   -.000000
9.678715   -.000000
9.718875   -.000000
9.759036   .000000
9.799196   -.000000
9.839357   -.000000
9.879518   -.000000
9.919679   .000000
9.959839   -.000000
10.000000   -.000000
