   0.0000000000000000       0.99211470669592949      -0.12533297320834386       0.99999994541559367     
   1.9999999552965164E-002  0.96858323706910676      -0.24868937190784970       0.99999989083119023     
   3.9999999105930328E-002  0.92977669576888444      -0.36812380017038454       0.99999983624678990     
   5.9999998658895493E-002  0.87630708343134867      -0.48175271373437606       0.99999978166239234     
   7.9999998211860657E-002  0.80901764509054042      -0.58778412449653172       0.99999972707799789     
   9.9999997764825821E-002  0.72896957174301946      -0.68454586111261040       0.99999967249360644     
  0.11999999731779099       0.63742526478937356      -0.77051194002261569       0.99999961790921787     
  0.13999999687075615       0.53582842728152102      -0.84432663101541705       0.99999956332483253     
  0.15999999642372131       0.42578129594760089      -0.90482583780616666       0.99999950874044985     
  0.17999999597668648       0.30901937305768923      -0.95105545644357825       0.99999945415607028     
  0.19999999552965164       0.18738405662239713      -0.98228642202538252       0.99999939957169359     
  0.21999999508261681        6.2793600560795748E-002 -0.99802620642743201       0.99999934498731990     
  0.23999999463558197       -6.2787137188639153E-002 -0.99802658572134451       0.99999929040294921     
  0.25999999418854713      -0.18737768152561199      -0.98228755478457930       0.99999923581858152     
  0.27999999374151230      -0.30901317333485107      -0.95105732736767357       0.99999918123421694     
  0.29999999329447746      -0.42577535635885594      -0.90482842161779187       0.99999912664985524     
  0.31999999284744263      -0.53582282911709200      -0.84432989279217885       0.99999907206549665     
  0.33999999240040779      -0.63742008478281287      -0.77051583565596660       0.99999901748114084     
  0.35999999195337296      -0.72896488104326884      -0.68455033788784370       0.99999896289678802     
  0.37999999150633812      -0.80901350830613561      -0.58778912178657783       0.99999890831243821     
  0.39999999105930328      -0.87630355775921975      -0.48175816379862746       0.99999885372809139     
  0.41999999061226845      -0.92977383021916205      -0.36812962904843216       0.99999879914374745     
  0.43999999016523361      -0.96858107179615960      -0.24869550039678912       0.99999874455940663     
  0.45999998971819878      -0.99211327244454228      -0.12533931791122080       0.99999868997506869     
  0.47999998927116394      -0.99999931767417494       -6.4744320245104376E-006  0.99999863539073375     
  0.49999998882412910      -0.99211484121025917       0.12532646431119049       0.99999858080640192     
  0.51999998837709427      -0.96858418630218401       0.24868293119434035       0.99999852622207297     
  0.53999998793005943      -0.92977844475075411       0.36811752921399415       0.99999847163774691     
  0.55999998748302460      -0.87630960457959262       0.48174671143141395       0.99999841705342396     
  0.57999998703598976      -0.80902089864526727       0.58777848550649425       0.99999836246910390     
  0.59999998658895493      -0.72897350639390024       0.68454067436535071       0.99999830788478683     
  0.61999998614192009      -0.63742981848483349       0.77050728731587281       0.99999825330047276     
  0.63999998569488525      -0.53583352820732610       0.84432258572482255       0.99999819871616169     
  0.65999998524785042      -0.42578686365940760       0.90482246372807229       0.99999814413185362     
  0.67999998480081558      -0.30902531974969472       0.95105280678895399       0.99999808954754854     
  0.69999998435378075      -0.18739028851208400       0.98228453858065190       0.99999803496324624     
  0.71999998390674591       -6.2800019367932572E-002  0.99802511889547874       0.99999798037894716     
  0.73999998345971107        6.2780632692066102E-002  0.99802631125308261       0.99999792579465108     
  0.75999998301267624       0.18737119391897888       0.98228809770847492       0.99999787121035799     
  0.77999998256564140       0.30900680493116517       0.95105867912148334       0.99999781662606779     
  0.79999998211860657       0.42576920759122500       0.90483056088359493       0.99999776204178059     
  0.81999998167157173       0.53581699695484086       0.84433278583257232       0.99999770745749639     
  0.83999998122453690       0.63741466120222579       0.77051943684612323       0.99999765287321518     
  0.85999998077750206       0.72895995157707483       0.68455459043504019       0.99999759828893686     
  0.87999998033046722       0.80900915069461221       0.58779395862584682       0.99999754370466154     
  0.89999997988343239       0.87629984072418787       0.48176350865040846       0.99999748912038922     
  0.91999997943639755       0.92977081238020676       0.36813539762154124       0.99999743453611989     
  0.93999997898936272       0.96857880074616853       0.24870160171773620       0.99999737995185356     
  0.95999997854232788       0.99211178399914135       0.12534565575891035       0.99999732536759012     
  0.97999997809529305       0.99999863530689725        1.2948855213681013E-005  0.99999727078332978     
  0.99999997764825821       0.99211497568235563      -0.12531995541760740       0.99999721619907223     
   1.0199999772012234       0.96858513549291358      -0.24867649047907991       0.99999716161481766     
   1.0399999767541885       0.92978019369082954      -0.36811125825055890       0.99999710703056621     
   1.0599999763071537       0.87631212568725481      -0.48174070911622430       0.99999705244631765     
   1.0799999758601189       0.80902415216126500      -0.58777284649923955       0.99999699786207230     
   1.0999999754130840       0.72897744100851525      -0.68453548759615557       0.99999694327782973     
   1.1199999749660492       0.63743437214706278      -0.77050263458282220       0.99999688869359016     
   1.1399999745190144       0.53583862910345992      -0.84431854040396292       0.99999683410935369     
   1.1599999740719795       0.42579243134557021      -0.90481908961623259       0.99999677952512001     
   1.1799999736249447       0.30903126642048773      -0.95105015709763641       0.99999672494088931     
   1.1999999731779099       0.18739652038532453      -0.98228265509685875       0.99999667035666173     
   1.2199999727308750        6.2806438163648545E-002 -0.99802403132270956       0.99999661577243693     
   1.2399999722838402       -6.2774128201708274E-002 -0.99802603674289514       0.99999656118821523     
   1.2599999718368053      -0.18736470631325736      -0.98228864058999654       0.99999650660399664     
   1.2799999713897705      -0.30900043652307285      -0.95106003083313895       0.99999645201978082     
   1.2999999709427357      -0.42576305881393905      -0.90483270010812844       0.99999639743556801     
   1.3199999704957008      -0.53581116477783841      -0.84433567883323180       0.99999634285135830     
   1.3399999700486660      -0.63740923760202373      -0.77052303799870792       0.99999628826715137     
   1.3599999696016312      -0.72895502208671159      -0.68455884294741931       0.99999623368294766     
   1.3799999691545963      -0.80900479305474648      -0.58779879543360225       0.99999617909874694     
   1.3999999687075615      -0.87629612365708742      -0.48176885347447662       0.99999612451454922     
   1.4199999682605267      -0.92976779450596236      -0.36814116617117526       0.99999606993035428     
   1.4399999678134918      -0.96857652965822449      -0.24870770301981623       0.99999601534616256     
   1.4599999673664570      -0.99211029551372198      -0.12535199359263841       0.99999596076197361     
   1.4799999669194221      -0.99999795289816684       -1.9423269567063014E-005  0.99999590617778766     
   1.4999999664723873      -0.99211511011221898       0.12531344652759505       0.99999585159360482     
   1.5199999660253525      -0.96858608464129559       0.24867004976206886       0.99999579700942487     
   1.5399999655783176      -0.92978194258911073       0.36810498728007929       0.99999574242524769     
   1.5599999651312828      -0.87631464675433524       0.48173470678880764       0.99999568784107384     
   1.5799999646842480      -0.80902740563853337       0.58776720747476785       0.99999563325690277     
   1.5999999642372131      -0.72898137558686416       0.68453030080502508       0.99999557867273481     
   1.6199999637901783      -0.63743892577606120       0.77049798182346396       0.99999552408856984     
   1.6399999633431435      -0.53584372996992213       0.84431449505283807       0.99999546950440776     
   1.6599999628961086      -0.42579799900608839       0.90481571547064754       0.99999541492024868     
   1.6799999624490738      -0.30903721307006793       0.95104750736962551       0.99999536033609249     
   1.6999999620020390      -0.18740275224211841       0.98228077157400295       0.99999530575193940     
   1.7199999615550041       -6.2812856947943405E-002  0.99802294370912459       0.99999525116778931     
   1.7399999611079693        6.2767623717565932E-002  0.99802576219078243       0.99999519658364211     
   1.7599999606609344       0.18735821870844768       0.98228918342914451       0.99999514199949802     
   1.7799999602138996       0.30899406811057428       0.95106138250264083       0.99999508741535670     
   1.7999999597668648       0.42575691002699839       0.90483483929139286       0.99999503283121838     
   1.8199999593198299       0.53580533258608498       0.84433857179415761       0.99999497824708294     
   1.8399999588727951       0.63740381398220713       0.77052663911372110       0.99999492366295073     
   1.8599999584257603       0.72895009257217946       0.68456309542498150       0.99999486907882129     
   1.8799999579787254       0.80900043538653865       0.58780363220984433       0.99999481449469507     
   1.8999999575316906       0.87629240655791862       0.48177419827083212       0.99999475991057163     
   1.9199999570846558       0.92976477659642920       0.36814693469733439       0.99999470532645129     
   1.9399999566376209       0.96857425853232770       0.24871380430302933       0.99999465074233396     
   1.9599999561905861       0.99210880698828452       0.12535833141240502       0.99999459615821951     
   1.9799999557435513       0.99999727044798403        2.5897675084677233E-005  0.99999454157410805     
   1.9999999552965164       0.99211524449984934      -0.12530693764115342       0.99999448698999971     
   2.0199999548494816       0.96858703374733013      -0.24866360904330717       0.99999443240589436     
   2.0399999544024467       0.92978369144559780      -0.36809871630255536       0.99999437782179179     
   2.0599999539554119       0.87631716778083391      -0.48172870444916405       0.99999432323769222     
   2.0799999535083771       0.80903065907707239      -0.58776156843307947       0.99999426865359575     
   2.0999999530613422       0.72898531012894685      -0.68452511399195959       0.99999421406950206     
   2.1199999526143074       0.63744347937182844      -0.77049332903779821       0.99999415948541148     
   2.1399999521672726       0.53584883080671231      -0.84431044967144830       0.99999410490132379     
   2.1599999517202377       0.42580356664096175      -0.90481234129131727       0.99999405031723920     
   2.1799999512732029       0.30904315969843488      -0.95104485760492141       0.99999399573315761     
   2.1999999508261681       0.18740898408246520      -0.98227888801208452       0.99999394114907902     
   2.2199999503791332        6.2819275720816692E-002 -0.99802185605472349       0.99999388656500321     
   2.2399999499320984       -6.2761119239639493E-002 -0.99802548759674381       0.99999383198093050     
   2.2599999494850636      -0.18735173110455020      -0.98228972622591804       0.99999377739686068     
   2.2799999490380287      -0.30898769969366985      -0.95106273412998810       0.99999372281279397     
   2.2999999485909939      -0.42575076123040323      -0.90483697843338740       0.99999366822873015     
   2.3199999481439590      -0.53579950037958080      -0.84434146471534910       0.99999361364466954     
   2.3399999476969242      -0.63739839034277601      -0.77053024019116201       0.99999355906061171     
   2.3599999472498894      -0.72894516303347845      -0.68456734786772611       0.99999350447655677     
   2.3799999468028545      -0.80899607768998871      -0.58780846895457262       0.99999344989250505     
   2.3999999463558197      -0.87628868942668159      -0.48177954303947457       0.99999339530845610     
   2.4199999459087849      -0.92976175865160726      -0.36815270320001819       0.99999334072441026     
   2.4399999454617500      -0.96857198736847816      -0.24871990556737508       0.99999328614036742     
   2.4599999450147152      -0.99210731842282884      -0.12536466921820977       0.99999323155632747     
   2.4799999445676804      -0.99999658795634871       -3.2372071766123556E-005  0.99999317697229051     
   2.4999999441206455      -0.99211537884524648       0.12530042875828293       0.99999312238825644     
   2.5199999436736107      -0.96858798281101677       0.24865716832279527       0.99999306780422548     
   2.5399999432265759      -0.92978544026029031       0.36809244531798735       0.99999301322019740     
   2.5599999427795410      -0.87631968876675048       0.48172270209729362       0.99999295863617232     
   2.5799999423325066      -0.80903391247688172       0.58775592937417442       0.99999290405215024     
   2.5999999418854718      -0.72898924463476311       0.68451992715695908       0.99999284946813105     
   2.6199999414384374      -0.63744803293436458       0.77048867622582506       0.99999279488411508     
   2.6399999409914030      -0.53585393161383066       0.84430640425979364       0.99999274030010199     
   2.6599999405443682      -0.42580913425019040       0.90480896707824199       0.99999268571609190     
   2.6799999400973338      -0.30904910630558874       0.95104220780352411       0.99999263113208459     
   2.6999999396502989      -0.18741521590636501       0.98227700441110344       0.99999257654808038     
   2.7199999392032645       -6.2825694482268518E-002  0.99802076835950648       0.99999252196407906     
   2.7399999387562302        6.2754614767928873E-002  0.99802521296077973       0.99999246738008085     
   2.7599999383091953       0.18734524350156487       0.98229026898031779       0.99999241279608575     
   2.7799999378621609       0.30898133127235955       0.95106408571518142       0.99999235821209354     
   2.7999999374151265       0.42574461242415368       0.90483911753411250       0.99999230362810432     
   2.8199999369680917       0.53579366815832585       0.84434435759680648       0.99999224904411799     
   2.8399999365210573       0.63739296668373047       0.77053384123103097       0.99999219446013476     
   2.8599999360740229       0.72894023347060866       0.68457160027565334       0.99999213987615432     
   2.8799999356269881       0.80899171996509678       0.58781330566778722       0.99999208529217698     
   2.8999999351799537       0.87628497226337632       0.48178488778040396       0.99999203070820264     
   2.9199999347329189       0.92975874067149655       0.36815847167922666       0.99999197612423107     
   2.9399999342858845       0.96856971616667586       0.24872600681285342       0.99999192154026262     
   2.9599999338388501       0.99210582981735496       0.12537100701005263       0.99999186695629716     
   2.9799999333918152       0.99999590542326089        3.8846459611390397E-005  0.99999181237233481     
   2.9999999329447808       0.99211551314841062      -0.12529391987898358       0.99999175778837524     
   3.0199999324977465       0.96858893183235595      -0.24865072760053314       0.99999170320441877     
   3.0399999320507116       0.92978718903318858      -0.36808617432637547       0.99999164862046519     
   3.0599999316036772       0.87632220971208519      -0.48171669973319675       0.99999159403651461     
   3.0799999311566428       0.80903716583796159      -0.58775029029805304       0.99999153945256702     
   3.0999999307096080       0.72899317910431316      -0.68451474030002402       0.99999148486862255     
   3.1199999302625736       0.63745258646366942      -0.77048402338754496       0.99999143028468085     
   3.1399999298155388       0.53585903239127686      -0.84430235881787441       0.99999137570074226     
   3.1599999293685044       0.42581470183377401      -0.90480559283142181       0.99999132111680655     
   3.1799999289214700       0.30905505289152913      -0.95103955796543393       0.99999126653287385     
   3.1999999284744352       0.18742144771381747      -0.98227512077106016       0.99999121194894403     
   3.2199999280274008        6.2832113232298495E-002 -0.99801968062347390       0.99999115736501720     
   3.2399999275803664       -6.2748110302434490E-002 -0.99802493828289029       0.99999110278109349     
   3.2599999271333315      -0.18733875589949214      -0.98229081169234356       0.99999104819717266     
   3.2799999266862971      -0.30897496284664383      -0.95106543725822035       0.99999099361325483     
   3.2999999262392627      -0.42573846360825013      -0.90484125659356773       0.99999093902934000     
   3.3199999257922279      -0.53578783592232049      -0.84434725043852943       0.99999088444542816     
   3.3399999253451935      -0.63738754300507072      -0.77053744223332743       0.99999082986151933     
   3.3599999248981587      -0.72893530388357031      -0.68457585264876275       0.99999077527761349     
   3.3799999244511243      -0.80898736221186307      -0.58781814234948759       0.99999072069371064     
   3.3999999240040899      -0.87628125506800292      -0.48179023249361980       0.99999066610981058     
   3.4199999235570551      -0.92975572265609729      -0.36816424013495935       0.99999061152591373     
   3.4399999231100207      -0.96856744492692104      -0.24873210803946391       0.99999055694201977     
   3.4599999226629863      -0.99210434117186308      -0.12537734478793311       0.99999050235812881     
   3.4799999222159514      -0.99999522284872056       -4.5320838619927292E-005  0.99999044777424073     
   3.4999999217689171      -0.99211564740934155       0.12528741100325591       0.99999039319035565     
   3.5199999213218827      -0.96858988081134723       0.24864428687652132       0.99999033860647368     
   3.5399999208748478      -0.92978893776429228       0.36807990332772006       0.99999028402259471     
   3.5599999204278134      -0.87632473061683769       0.48171069735687361       0.99999022943871863     
   3.5799999199807786      -0.80904041916031166       0.58774465120471553       0.99999017485484554     
   3.5999999195337442      -0.72899711353759644       0.68450955342115438       0.99999012027097545     
   3.6199999190867098      -0.63745713995974274       0.77047937052295778       0.99999006568710835     
   3.6399999186396750      -0.53586413313905068       0.84429831334569061       0.99999001110324415     
   3.6599999181926406      -0.42582026939171241       0.90480221855085685       0.99998995651938305     
   3.6799999177456062      -0.30906099945625581       0.95103690809065089       0.99998990193552495     
   3.6999999172985714      -0.18742767950482234       0.98227323709195458       0.99998984735166963     
   3.7199999168515370       -6.2838531970906344E-002  0.99801859284662564       0.99998979276781730     
   3.7399999164045026        6.2741605843156620E-002  0.99802466356307551       0.99998973818396808     
   3.7599999159574677       0.18733226829833227       0.98229135436199555       0.99998968360012186     
   3.7799999155104334       0.30896859441652286       0.95106678875910533       0.99998962901627853     
   3.7999999150633985       0.42573231478269274       0.90484339561175353       0.99998957443243808     
   3.8199999146163641       0.53578200367156514       0.84435014324051827       0.99998951984860074     
   3.8399999141693297       0.63738211930679745       0.77054104319805172       0.99998946526476640     
   3.8599999137222949       0.72893037427236407       0.68458010498705435       0.99998941068093516     
   3.8799999132752605       0.80898300443028826       0.58782297899967373       0.99998935609710660     
   3.8999999128282261       0.87627753784056217       0.48179557717912197       0.99998930151328114     
   3.9199999123811913       0.92975270460541004       0.36817000856721593       0.99998924692945867     
   3.9399999119341569       0.96856517364921413       0.24873820924720619       0.99998919234563921     
   3.9599999114871225       0.99210285248635355       0.12538368255185084       0.99998913776182274     
   3.9799999110400877       0.99999454023272827        5.1795208791361832E-005  0.99998908317800927     
   3.9999999105930533       0.99211578162803982      -0.12528090213110038       0.99998902859419869     
   4.0199999101460184       0.96859082974799116      -0.24863784615076034       0.99998897401039111     
   4.0399999096989845       0.92979068645360163      -0.36807363232202178       0.99998891942658663     
   4.0599999092519496       0.87632725148100810      -0.48170469496832491       0.99998886484278493     
   4.0799999088049148       0.80904367244393183      -0.58773901209416268       0.99998881025898634     
   4.0999999083578809       0.72900104793461284      -0.68450436652035096       0.99998875567519063     
   4.1199999079108460       0.63746169342258407      -0.77047471763206443       0.99998870109139804     
   4.1399999074638112       0.53586923385715168      -0.84429426784324291       0.99998864650760833     
   4.1599999070167764       0.42582583692400505      -0.90479884423654755       0.99998859192382161     
   4.1799999065697424       0.30906694599976825      -0.95103425817917531       0.99998853734003790     
   4.1999999061227076       0.18743391127937900      -0.98227135337378702       0.99998848275625729     
   4.2199999056756727        6.2844950698091456E-002 -0.99801750502896192       0.99998842817247957     
   4.2399999052286388       -6.2735101390095901E-002 -0.99802438880133548       0.99998837358870485     
   4.2599999047816040      -0.18732578069808592      -0.98229189698927355       0.99998831900493301     
   4.2799999043345691      -0.30896222598199741      -0.95106814021783603       0.99998826442116429     
   4.2999999038875352      -0.42572616594748230      -0.90484553458866956       0.99998820983739845     
   4.3199999034405003      -0.53577617140606026      -0.84435303600277267       0.99998815525363560     
   4.3399999029934655      -0.63737669558891086      -0.77054464412520363       0.99998810066987587     
   4.3599999025464315      -0.72892544463699005      -0.68458435729052802       0.99998804608611902     
   4.3799999020993967      -0.80897864662037244      -0.58782781561834563       0.99998799150236517     
   4.3999999016523619      -0.87627382058105419      -0.48180092183691048       0.99998793691861432     
   4.4199999012053279      -0.92974968651943501      -0.36817577697599652       0.99998788233486635     
   4.4399999007582931      -0.96856290233355535      -0.24874431043608028       0.99998782775112138     
   4.4599999003112583      -0.99210136376082669      -0.12539002030180577       0.99998777316737941     
   4.4799998998642243      -0.99999385757528414       -5.8269570125573752E-005  0.99998771858364044     
   4.4999998994171895      -0.99211591580450553       0.12527439326251708       0.99998766399990446     
   4.5199998989701546      -0.96859177864228785       0.24863140542325027       0.99998760941617137     
   4.5399998985231207      -0.92979243510111698       0.36806736130928064       0.99998755483244139     
   4.5599998980760859      -0.87632977230459685       0.48169869256755077       0.99998750024871441     
   4.5799998976290510      -0.80904692568882264       0.58773337296639439       0.99998744566499009     
   4.5999998971820162      -0.72900498229536304       0.68449917959761386       0.99998739108126899     
   4.6199998967349822      -0.63746624685219422       0.77047006471486490       0.99998733649755067     
   4.6399998962879474      -0.53587433454558053       0.84429022231053152       0.99998728191383546     
   4.6599998958409126      -0.42583140443065248       0.90479546988849435       0.99998722733012324     
   4.6799998953938786      -0.30907289252206693       0.95103160823100763       0.99998717274641391     
   4.6999998949468438      -0.18744014303748791       0.98226946961655781       0.99998711816270769     
   4.7199998944998089       -6.2851369413854205E-002  0.99801641717048306       0.99998706357900446     
   4.7399998940527750        6.2728596943252002E-002  0.99802411399767055       0.99998700899530424     
   4.7599998936057402       0.18731929309875278       0.98229243957417822       0.99998695441160701     
   4.7799998931587053       0.30895585754306715       0.95106949163441290       0.99998689982791256     
   4.7999998927116714       0.42572001710261853       0.90484767352431617       0.99998684524422132     
   4.8199998922646365       0.53577033912580585       0.84435592872529286       0.99998679066053286     
   4.8399998918176017       0.63737127185141096       0.77054824501478314       0.99998673607684752     
   4.8599998913705678       0.72892051497744825       0.68458860955918388       0.99998668149316505     
   4.8799998909235329       0.80897428878211552       0.58783265220550318       0.99998662690948570     
   4.8999998904764981       0.87627010328947874       0.48180626646698521       0.99998657232580934     
   4.9199998900294641       0.92974666839817188       0.36818154536130093       0.99998651774213587     
   4.9399998895824293       0.96856063097994449       0.24875041160608610       0.99998646315846551     
   4.9599998891353945       0.99209987499528207       0.12539635803779783       0.99998640857479792     
   4.9799998886883605       0.99999317487638772        6.4743922622581551E-005  0.99998635399113323     
   4.9999998882413257       0.99211604993873814      -0.12526788439750597       0.99998629940747163     
   5.0199998877942908       0.96859272749423675      -0.24862496469399104       0.99998624482381304     
   5.0399998873472560       0.92979418370683764      -0.36806109028949663       0.99998619024015756     
   5.0599998869002221       0.87633229308760308      -0.48169269015455096       0.99998613565650485     
   5.0799998864531872       0.80905017889498321      -0.58772773382141064       0.99998608107285525     
   5.0999998860061524       0.72900891661984601      -0.68449399265294286       0.99998602648920865     
   5.1199998855591184       0.63747080024857228      -0.77046541177135908       0.99998597190556504     
   5.1399998851120836       0.53587943520433634      -0.84428617674755624       0.99998591732192432     
   5.1599998846650488       0.42583697191165398      -0.90479209550669693       0.99998586273828660     
   5.1799998842180148       0.30907883902315120      -0.95102895824614764       0.99998580815465188     
   5.1999998837709800       0.18744637477914847      -0.98226758582026674       0.99998575357102004     
   5.2199998833239452        6.2857788118194063E-002 -0.99801532927118886       0.99998569898739131     
   5.2399998828769112       -6.2722092502625393E-002 -0.99802383915208037       0.99998564440376547     
   5.2599998824298764      -0.18731280550033333      -0.98229298211670890       0.99998558982014274     
   5.2799998819828415      -0.30894948909973258      -0.95107084300883549       0.99998553523652278     
   5.2999998815358076      -0.42571386824810181      -0.90484981241869289       0.99998548065290593     
   5.3199998810887728      -0.53576450683080212      -0.84435882140807850       0.99998542606929197     
   5.3399998806417379      -0.63736584809429808      -0.77055184586679004       0.99998537148568123     
   5.3599998801947040      -0.72891558529373923      -0.68459286179302148       0.99998531690207348     
   5.3799998797476691      -0.80896993091551805      -0.58783748876114594       0.99998526231846840     
   5.3999998793006343      -0.87626638596583639      -0.48181161106934567       0.99998520773486654     
   5.4199998788536004      -0.92974365024162120      -0.36818731372312863       0.99998515315126757     
   5.4399998784065655      -0.96855835958838177      -0.24875651275722299       0.99998509856767148     
   5.4599998779595307      -0.99209838618972002      -0.12540269575982640       0.99998504398407839     
   5.4799998775124958      -0.99999249213603947       -7.1218266281693657E-005  0.99998498940048841     
   5.4999998770654619      -0.99211618403073820       0.12526137553606778       0.99998493481690143     
   5.5199998766184271      -0.96859367630383830       0.24861852396298342       0.99998488023331722     
   5.5399998761713922      -0.92979593227076396       0.36805481926267047       0.99998482564973612     
   5.5599998757243583      -0.87633481383002720       0.48168668772932638       0.99998477106615802     
   5.5799998752773234      -0.80905343206241387       0.58772209465921221       0.99998471648258291     
   5.5999998748302886      -0.72901285090806200       0.68448880568633874       0.99998466189901059     
   5.6199998743832547      -0.63747535361171814       0.77046075880154752       0.99998460731544148     
   5.6399998739362198      -0.53588453583341900       0.84428213115431761       0.99998455273187525     
   5.6599998734891850      -0.42584253936700928       0.90478872109115571       0.99998449814831203     
   5.6799998730421510      -0.30908478550302071       0.95102630822459555       0.99998444356475169     
   5.6999998725951162      -0.18745260650436027       0.98226570198491403       0.99998438898119446     
   5.7199998721480814       -6.2864206811110573E-002  0.99801424133107941       0.99998433439764012     
   5.7399998717010474        6.2715588068216574E-002  0.99802356426456518       0.99998427981408888     
   5.7599998712540126       0.18730631790282801       0.98229352461686592       0.99998422523054065     
   5.7799998708069777       0.30894312065199403       0.95107219434110402       0.99998417064699530     
   5.7999998703599438       0.42570771938393259       0.90485195127179996       0.99998411606345294     
   5.8199998699129090       0.53575867452104953       0.84436171405112970       0.99998406147991359     
   5.8399998694658741       0.63736042431757256       0.77055544668122433       0.99998400689637734     
   5.8599998690188402       0.72891065558586299       0.68459711399204082       0.99998395231284387     
   5.8799998685718053       0.80896557302058014       0.58784232528527403       0.99998389772931351     
   5.8999998681247705       0.87626266861012714       0.48181695564399191       0.99998384314578592     
   5.9199998676777357       0.92974063204978297       0.36819308206147972       0.99998378856226144     
   5.9399998672307017       0.96855608815886751       0.24876261388949111       0.99998373397873996     
   5.9599998667836669       0.99209689734414086       0.12540903346789156       0.99998367939522148     
   5.9799998663366321       0.99999180935423948        7.7692601102972533E-005  0.99998362481170588     
   5.9999998658895981       0.99211631808050560      -0.12525486667820246       0.99998357022819329     
   6.0199998654425633       0.96859462507109240      -0.24861208323022735       0.99998351564468357     
   6.0399998649955284       0.92979768079289593      -0.36804854822880212       0.99998346106117686     
   6.0599998645484945       0.87633733453186913      -0.48168068529187696       0.99998340647767336     
   6.0799998641014597       0.80905668519111440      -0.58771645547979900       0.99998335189417253     
   6.0999998636544248       0.72901678516001089      -0.68448361869780150       0.99998329731067481     
   6.1199998632073909       0.63747990694163181      -0.77045610580543034       0.99998324272717998     
   6.1399998627603560       0.53588963643282850      -0.84427808553081563       0.99998318814368836     
   6.1599998623133212       0.42584810679671836      -0.90478534664187082       0.99998313356019963     
   6.1799998618662872       0.30909073196167536      -0.95102365816635159       0.99998307897671379     
   6.1999998614192524       0.18745883821312320      -0.98226381811049990       0.99998302439323117     
   6.2199998609722176        6.2870625492603596E-002 -0.99801315335015506       0.99998296980975132     
   6.2399998605251836       -6.2709083640025712E-002 -0.99802328933512507       0.99998291522627447     
   6.2599998600781488      -0.18729983030623706      -0.98229406707464928       0.99998286064280073     
   6.2799998596311140      -0.30893675219985189      -0.95107354563121838       0.99998280605932988     
   6.2999998591840800      -0.42570157051011120      -0.90485409008363715       0.99998275147586213     
   6.3199998587370452      -0.53575284219654840      -0.84436460665444613       0.99998269689239716     
   6.3399998582900103      -0.63735500052123473      -0.77055904745808557       0.99998264230893530     
   6.3599998578429755      -0.72890572585381996      -0.68460136615624145       0.99998258772547632     
   6.3799998573959416      -0.80896121509730201      -0.58784716177788687       0.99998253314202046     
   6.3999998569489067      -0.87625895122235131      -0.48182230019092337       0.99998247855856737     
   6.4199998565018719      -0.92973761382265740      -0.36819885037635358       0.99998242397511727     
   6.4399998560548379      -0.96855381669140161      -0.24876871500288977       0.99998236939167018     
   6.4599998556078031      -0.99209540845854427      -0.12541537116199264       0.99998231480822619     
   6.4799998551607683      -0.99999112653098754       -8.4166927085779775E-005  0.99998226022478520     
   6.4999998547137343      -0.99211645208804022       0.12524835782391064       0.99998220564134699     
   6.5199998542666995      -0.96859557379599892       0.24860564249572342       0.99998215105791188     
   6.5399998538196646      -0.92979942927323334       0.36804227718789212       0.99998209647447966     
   6.5599998533726307      -0.87633985519312851       0.48167468284220311       0.99998204189105044     
   6.5799998529255959      -0.80905993828108458       0.58771081628317146       0.99998198730762411     
   6.5999998524785610      -0.72902071937569235       0.68447843168733147       0.99998193272420088     
   6.6199998520315271      -0.63748446023831296       0.77045145278300786       0.99998187814078066     
   6.6399998515844922      -0.53589473700256440       0.84427403987705063       0.99998182355736331     
   6.6599998511374574      -0.42585367420078085       0.90478197215884237       0.99998176897394897     
   6.6799998506904235      -0.30909667839911492       0.95102100807141576       0.99998171439053773     
   6.6999998502433886      -0.18746506990543702       0.98226193419702412       0.99998165980712939     
   6.7199998497963538       -6.2877044162672910E-002  0.99801206532841535       0.99998160522372392     
   6.7399998493493198        6.2702579218052959E-002  0.99802301436375973       0.99998155064032157     
   6.7599998489022850       0.18729334271056058       0.98229460949005865       0.99998149605692233     
   6.7799998484552502       0.30893038374330611       0.95107489687917823       0.99998144147352586     
   6.7999998480082153       0.42569542162663754       0.90485622885420414       0.99998138689013261     
   6.8199998475611814       0.53574700985729851       0.84436749921802756       0.99998133230674213     
   6.8399998471141465       0.63734957670528425       0.77056264819737375       0.99998127772335454     
   6.8599998466671117       0.72890079609760983       0.68460561828562350       0.99998122313997018     
   6.8799998462200778       0.80895685714568344       0.58785199823898460       0.99998116855658881     
   6.8999998457730429       0.87625523380250869       0.48182764471014028       0.99998111397321032     
   6.9199998453260081       0.92973459556024440       0.36820461866775045       0.99998105938983473     
   6.9399998448789741       0.96855154518598408       0.24877481609741928       0.99998100480646213     
   6.9599998444319393       0.99209391953293036       0.12542170884212994       0.99998095022309252     
   6.9799998439849045       0.99999044366628365        9.0641244230404524E-005  0.99998089563972592     
   6.9999998435378705       0.99211658605334208      -0.12524184897319202       0.99998084105636231     
   7.0199998430908357       0.96859652247855776      -0.24859920175947139       0.99998078647300159     
   7.0399998426438009       0.92980117771177606      -0.36803600613994025       0.99998073188964387     
   7.0599998421967669       0.87634237581380547      -0.48166868038030469       0.99998067730628915     
   7.0799998417497321       0.80906319133232452      -0.58770517706932945       0.99998062272293742     
   7.0999998413026972       0.72902465355510659      -0.68447324465492854       0.99998056813958880     
   7.1199998408556633       0.63748901350176179      -0.77044679973427999       0.99998051355624318     
   7.1399998404086285       0.53589983754262704      -0.84426999419302251       0.99998045897290033     
   7.1599998399615936       0.42585924157919697      -0.90477859764207047       0.99998040438956048     
   7.1799998395145597       0.30910262481533946      -0.95101835793978828       0.99998034980622375     
   7.1999998390675248       0.18747130158130176      -0.98226005024448726       0.99998029522289000     
   7.2199998386204900        6.2883462821318528E-002 -0.99801097726586108       0.99998024063955926     
   7.2399998381734552       -6.2696074802298413E-002 -0.99802273935046992       0.99998018605623140     
   7.2599998377264212      -0.18728685511579873      -0.98229515186309480       0.99998013147290665     
   7.2799998372793864      -0.30892401528235702      -0.95107624808498437       0.99998007688958468     
   7.2999998368323515      -0.42568927273351198      -0.90485836758350169       0.99998002230626581     
   7.3199998363853176      -0.53574117750330053      -0.84437039174187467       0.99997996772294984     
   7.3399998359382828      -0.63734415286972201      -0.77056624889908931       0.99997991313963686     
   7.3599998354912479      -0.72889586631723347      -0.68460987038018706       0.99997985855632676     
   7.3799998350442140      -0.80895249916572520      -0.58785683466856720       0.99997980397301978     
   7.3999998345971791      -0.87625151635059995      -0.48183298920164241       0.99997974938971579     
   7.4199998341501443      -0.92973157726254463      -0.36821038693566999       0.99997969480641480     
   7.4399998337031104      -0.96854927364261556      -0.24878091717307915       0.99997964022311669     
   7.4599998332560755      -0.99209243056729979      -0.12542804650830292       0.99997958563982159     
   7.4799998328090407      -0.99998976076012847       -9.7115552536217634E-005  0.99997953105652948     
   7.4999998323620067      -0.99211671997641171       0.12523534012604728       0.99997947647324048     
   7.5199998319149719      -0.96859747111876959       0.24859276102147196       0.99997942188995437     
   7.5399998314679371      -0.92980292610852477       0.36802973508494730       0.99997936730667125     
   7.5599998310209031      -0.87634489639390045       0.48166267790618256       0.99997931272339113     
   7.5799998305738683      -0.80906644434483455       0.58769953783827389       0.99997925814011401     
   7.5999998301268334      -0.72902858769825363       0.68446805760059359       0.99997920355683978     
   7.6199998296797995      -0.63749356673197821       0.77044214665924748       0.99997914897356854     
   7.6399998292327647      -0.53590493805301609       0.84426594847873215       0.99997909439030019     
   7.6599998287857298      -0.42586480893196638       0.90477522309155589       0.99997903980703495     
   7.6799998283386950      -0.30910857121034857       0.95101570777146971       0.99997898522377260     
   7.6999998278916610      -0.18747753324071703       0.98225816625288953       0.99997893064051335     
   7.7199998274446262       -6.2889881468539979E-002  0.99800988916249223       0.99997887605725699     
   7.7399998269975914        6.2689570392762545E-002  0.99802246429525554       0.99997882147400374     
   7.7599998265505574       0.18728036752195201       0.98229569419375751       0.99997876689075338     
   7.7799998261035226       0.30891764681700501       0.95107759924863655       0.99997871230750590     
   7.7999998256564878       0.42568312383073503       0.90486050627152947       0.99997865772426153     
   7.8199998252094538       0.53573534513455479       0.84437328422598712       0.99997860314102016     
   7.8399998247624190       0.63733872901454836       0.77056984956323193       0.99997854855778179     
   7.8599998243153841       0.72889093651269121       0.68461412243993203       0.99997849397454630     
   7.8799998238683502       0.80894814115742786       0.58786167106663456       0.99997843939131392     
   7.8999998234213153       0.87624779886662563       0.48183833366542966       0.99997838480808432     
   7.9199998229742805       0.92972855892955841       0.36821615518011208       0.99997833022485771     
   7.9399998225272466       0.96854700206129640       0.24878701822986926       0.99997827564163422     
   7.9599998220802117       0.99209094156165278       0.12543438416051136       0.99997822105841350     
   7.9799998216331769       0.99998907781252211        1.0358985200301790E-004  0.99997816647519588     
   7.9999998211861429       0.99211685385724913      -0.12522883128247667       0.99997811189198127     
   8.0199998207391072       0.96859841971663418      -0.24858632028172536       0.99997805730876954     
   8.0399998202920742       0.92980467446347903      -0.36802346402291347       0.99997800272556092     
   8.0599998198450393       0.87634741693341300      -0.48165667541983687       0.99997794814235530     
   8.0799998193980045       0.80906969731861411      -0.58769389859000476       0.99997789355915268     
   8.0999998189509697       0.72903252180513300      -0.68446287052432664       0.99997783897595283     
   8.1199998185039348       0.63749811992896177      -0.77043749355791036       0.99997778439275609     
   8.1399998180569000       0.53591003853373120      -0.84426190273417945       0.99997772980956234     
   8.1599998176098669       0.42587037625908869      -0.90477184850729842       0.99997767522637149     
   8.1799998171628321       0.30911451758414193      -0.95101305756645993       0.99997762064318363     
   8.1999998167157973       0.18748376488368240      -0.98225628222223083       0.99997756605999866     
   8.2199998162687624        6.2896300104336861E-002 -0.99800880101830869       0.99997751147681690     
   8.2399998158217276       -6.2683065989445730E-002 -0.99802218919811636       0.99997745689363793     
   8.2599998153746927      -0.18727387992902075      -0.98229623648204656       0.99997740231046206     
   8.2799998149276597      -0.30891127834725046      -0.95107895037013446       0.99997734772728908     
   8.2999998144806248      -0.42567697491830686      -0.90486264491828716       0.99997729314411909     
   8.3199998140335900      -0.53572951275106140      -0.84437617667036446       0.99997723856095222     
   8.3399998135865552      -0.63733330513976305      -0.77057345018980106       0.99997718397778812     
   8.3599998131395203      -0.72888600668398273      -0.68461837446485774       0.99997712939462713     
   8.3799998126924855      -0.80894378312079074      -0.58786650743318603       0.99997707481146914     
   8.3999998122454507      -0.87624408135058507      -0.48184367810150142       0.99997702022831403     
   8.4199998117984176      -0.92972554056128520      -0.36822192340107618       0.99997696564516203     
   8.4399998113513828      -0.96854473044202583      -0.24879311926778913       0.99997691106201281     
   8.4599998109043479      -0.99208945251598868      -0.12544072179875498       0.99997685647886680     
   8.4799998104573131      -0.99998839482346402       -1.1006414263055782E-004  0.99997680189572369     
   8.4999998100102783      -0.99211698769585388       0.12522232244248033       0.99997674731258357     
   8.5199998095632434      -0.96859936827215121       0.24857987954023175       0.99997669272944656     
   8.5399998091162104      -0.92980642277663861       0.36801719295383883       0.99997663814631221     
   8.5599998086691755      -0.87634993743234280       0.48165067292126756       0.99997658356318098     
   8.5799998082221407      -0.80907295025366288       0.58768825932452207       0.99997652898005274     
   8.5999998077751059      -0.72903645587574450       0.68445768342612756       0.99997647439692738     
   8.6199998073280710      -0.63750267309271225       0.77043284043026850       0.99997641981380514     
   8.6399998068810362      -0.53591513898477217       0.84425785695936417       0.99997636523068589     
   8.6599998064340031      -0.42587594356056374       0.90476847388929793       0.99997631064756964     
   8.6799998059869683      -0.30912046393671938       0.95101040732475883       0.99997625606445628     
   8.6999998055399335      -0.18748999651019782       0.98225439815251114       0.99997620148134592     
   8.7199998050928986       -6.2902718728709145E-002  0.99800771283331047       0.99997614689823855     
   8.7399998046458638        6.2676561592348010E-002  0.99802191405905250       0.99997609231513418     
   8.7599998041988290       0.18726739233700498       0.98229677872796217       0.99997603773203281     
   8.7799998037517941       0.30890490987309338       0.95108030144947830       0.99997598314893443     
   8.7999998033047611       0.42567082599622763       0.90486478352377508       0.99997592856583906     
   8.8199998028577262       0.53572368035282059       0.84437906907500704       0.99997587398274657     
   8.8399998024106914       0.63732788124536666       0.77057705077879712       0.99997581939965707     
   8.8599998019636566       0.72888107683110870       0.68462262645496452       0.99997576481657047     
   8.8799998015166217       0.80893942505581473       0.58787134376822181       0.99997571023348697     
   8.8999998010695869       0.87624036380247905       0.48184902250985778       0.99997565565040625     
   8.9199998006225538       0.92972252215772566       0.36822769159856228       0.99997560106732852     
   8.9399998001755190       0.96854245878480472       0.24879922028683868       0.99997554648425402     
   8.9599997997284841       0.99208796343030803       0.12544705942303350       0.99997549190118229     
   8.9799997992814493       0.99998771179295465        1.1653842441849739E-004  0.99997543731811367     
   8.9999997988344145       0.99211712149222619      -0.12521581360605868       0.99997538273504794     
   9.0199997983873796       0.96860031678532066      -0.24857343879699151       0.99997532815198520     
   9.0399997979403466       0.92980817104800351      -0.36801092187772377       0.99997527356892546     
   9.0599997974933117       0.87635245789068994      -0.48164467041047515       0.99997521898586872     
   9.0799997970462769       0.80907620314998108      -0.58768262004182625       0.99997516440281498     
   9.0999997965992421       0.72904038991008824      -0.68445249630599692       0.99997510981976423     
   9.1199997961522072       0.63750722622322964      -0.77042818727632256       0.99997505523671648     
   9.1399997957051724       0.53592023940613875      -0.84425381115428699       0.99997500065367151     
   9.1599997952581393       0.42588151083639120      -0.90476509923755488       0.99997494607062976     
   9.1799997948111045       0.30912641026808052      -0.95100775704636675       0.99997489148759100     
   9.1999997943640697       0.18749622812026279      -0.98225251404373071       0.99997483690455502     
   9.2199997939170348        6.2909137341656304E-002 -0.99800662460749767       0.99997478232152215     
   9.2399997934700000       -6.2670057201469898E-002 -0.99802163887806394       0.99997472773849216     
   9.2599997930229652      -0.18726090474590523      -0.98229732093150401       0.99997467315546518     
   9.2799997925759303      -0.30889854139453432      -0.95108165248666765       0.99997461857244130     
   9.2999997921288973      -0.42566467706449779      -0.90486692208799258       0.99997456398942042     
   9.3199997916818624      -0.53571784793983268      -0.84438196143991417       0.99997450940640242     
   9.3399997912348276      -0.63732245733135928      -0.77058065133021936       0.99997445482338732     
   9.3599997907877928      -0.72887614695406910      -0.68462687841025172       0.99997440024037532     
   9.3799997903407579      -0.80893506696249962      -0.58787618007174136       0.99997434565736620     
   9.3999997898937231      -0.87623664622230746      -0.48185436689049832       0.99997429107436020     
   9.4199997894466900      -0.92971950371887979      -0.36823345977256999       0.99997423649135708     
   9.4399997889996552      -0.96854018708963285      -0.24880532128701752       0.99997418190835707     
   9.4599997885526204      -0.99208647430461094      -0.12545339703334657       0.99997412732535995     
   9.4799997881055855      -0.99998702872099399       -1.2301269736650122E-004  0.99997407274236572     
   9.4999997876585507      -0.99211725524636629       0.12520930477321207       0.99997401815937459     
   9.5199997872115159      -0.96860126525614298       0.24856699805200499       0.99997396357638657     
   9.5399997867644828      -0.92980991927757406       0.36800465079456873       0.99997390899340122     
   9.5599997863174480      -0.87635497830845466       0.48163866788746007       0.99997385441041908     
   9.5799997858704131      -0.80907945600756870       0.58767698074191799       0.99997379982743995     
   9.5999997854233783      -0.72904432390816398       0.68444730916393537       0.99997374524446370     
   9.6199997849763434      -0.63751177932051373       0.77042353409607300       0.99997369066149033     
   9.6399997845293086      -0.53592533979783086       0.84424976531894846       0.99997363607852008     
   9.6599997840822738      -0.42588707808657095       0.90476172455206993       0.99997358149555260     
   9.6799997836352407      -0.30913235657822519       0.95100510673128424       0.99997352691258834     
   9.6999997831882059      -0.18750245971387713       0.98225062989589007       0.99997347232962697     
   9.7199997827411710       -6.2915555943178075E-002  0.99800553634087086       0.99997341774666848     
   9.7399997822941362        6.2663552816811741E-002  0.99802136365515126       0.99997336316371299     
   9.7599997818471014       0.18725441715572194       0.98229786309267286       0.99997330858076061     
   9.7799997814000665       0.30889217291157367       0.95108300348170327       0.99997325399781112     
   9.7999997809530335       0.42565852812311777       0.90486906061094030       0.99997319941486462     
   9.8199997805059986       0.53571201551209824       0.84438485376508643       0.99997314483192101     
   9.8399997800589638       0.63731703339774148       0.77058425184406831       0.99997309024898040     
   9.8599997796119290       0.72887121705286451       0.68463113033071976       0.99997303566604290     
   9.8799997791648941       0.80893070884084606       0.58788101634374501       0.99997298108310828     
   9.8999997787178593       0.87623292861007085       0.48185971124342314       0.99997292650017666     
   9.9199997782708262       0.92971648524474804       0.36823922792309932       0.99997287191724804     
   9.9399997778237914       0.96853791535651068       0.24881142226832559       0.99997281733432253     
   9.9599997773767566       0.99208498513889753       0.12545973462969415       0.99997276275139979     
   9.9799997769297217       0.99998634560758226        1.2948696147449534E-004  0.99997270816848016     
   9.9999997764826869       0.99211738895827417      -0.12520279594394057       0.99997265358556353     
   10.019999776035652       0.96860221368461785      -0.24856055730527235       0.99997259900264968     
   10.039999775588619       0.92981166746534993      -0.36799837970437382       0.99997254441973893     
   10.059999775141584       0.87635749868563650      -0.48163266535222238       0.99997248983683118     
   10.079999774694549       0.80908270882642530      -0.58767134142479693       0.99997243525392632     
   10.099999774247514       0.72904825786997152      -0.68444212199994248       0.99997238067102467     
   10.119999773800480       0.63751633238456429      -0.77041888088951938       0.99997232608812570     
   10.139999773353445       0.53593044015984825      -0.84424571945334792       0.99997227150522972     
   10.159999772906410       0.42589264531110277      -0.90475834983284242       0.99997221692233684     
   10.179999772459377       0.30913830286715321      -0.95100245637951075       0.99997216233944697     
   10.199999772012342       0.18750869129104070      -0.98224874570898857       0.99997210775656009     
   10.219999771565307        6.2921974533274402E-002 -0.99800444803342947       0.99997205317367621     
   10.239999771118272       -6.2657048438373525E-002 -0.99802108839031378       0.99997199859079522     
   10.259999770671238      -0.18724792956645497      -0.98229840521146794       0.99997194400791733     
   10.279999770224203      -0.30888580442421132      -0.95108435443458439       0.99997188942504223     
   10.299999769777170      -0.42565237917208743      -0.90487119909261771       0.99997183484217023     
   10.319999769330135      -0.53570618306961715      -0.84438774605052336       0.99997178025930133     
   10.339999768883100      -0.63731160944451326      -0.77058785232034344       0.99997172567643522     
   10.359999768436065      -0.72886628712749491      -0.68463538221636810       0.99997167109357232     
   10.379999767989030      -0.80892635069085406      -0.58788585258423220       0.99997161651071220     
   10.399999767541996      -0.87622921096576922      -0.48186505556863179       0.99997156192785508     
   10.419999767094962      -0.92971346673533029      -0.36824499605014988       0.99997150734500095     
   10.439999766647928      -0.96853564358543809      -0.24881752323076251       0.99997145276214983     
   10.459999766200893      -0.99208349593316780      -0.12546607221207579       0.99997139817930158     
   10.479999765753858      -0.99998566245271936       -1.3596121674204947E-004  0.99997134359645645     
   10.499999765306823      -0.99211752262794972       0.12519628711824460       0.99997128901361432     
   10.519999764859788      -0.96860316207074548       0.24855411655679391       0.99997123443077518     
   10.539999764412755      -0.92981341561133124       0.36799210860713932       0.99997117984793882     
   10.559999763965720      -0.87636001902223570       0.48162666280476230       0.99997112526510556     
   10.579999763518686      -0.80908596160655122       0.58766570209046365       0.99997107068227520     
   10.599999763071651      -0.72905219179551095       0.68443693481401879       0.99997101609944794     
   10.619999762624616      -0.63752088541538143       0.77041422765666234       0.99997096151662346     
   10.639999762177581      -0.53593554049219105       0.84424167355748625       0.99997090693380208     
   10.659999761730546      -0.42589821250998677       0.90475497507987312       0.99997085235098371     
   10.679999761283513      -0.30914424913486460       0.95099980599104705       0.99997079776816833     
   10.699999760836478      -0.18751492285175345       0.98224686148302709       0.99997074318535606     
   10.719999760389443       -6.2928393111945147E-002  0.99800335968517417       0.99997068860254668     
   10.739999759942409        6.2650544066155486E-002  0.99802081308355228       0.99997063401974007     
   10.759999759495374       0.18724144197810466       0.98229894728788991       0.99997057943693668     
   10.779999759048339       0.30887943593244765       0.95108570534531167       0.99997052485413607     
   10.799999758601306       0.42564623021140718       0.90487333753302523       0.99997047027133845     
   10.819999758154271       0.53570035061238963       0.84439063829622529       0.99997041568854395     
   10.839999757707236       0.63730618547167472       0.77059145275904517       0.99997036110575244     
   10.859999757260201       0.72886135717796041       0.68463963406719708       0.99997030652296393     
   10.879999756813167       0.80892199251252361       0.58789068879320328       0.99997025194017830     
   10.899999756366132       0.87622549328940258       0.48187039986612457       0.99997019735739567     
   10.919999755919099       0.92971044819062665       0.36825076415372182       0.99997014277461593     
   10.939999755472064       0.96853337177641530       0.24882362417432843       0.99997008819183930     
   10.959999755025029       0.99208200668742197       0.12547240978049165       0.99997003360906556     
   10.979999754577994       0.99998497925640550        1.4243546316928396E-004  0.99996997902629492     
   10.999999754130959       0.99211765625539317      -0.12518977829612407       0.99996992444352717     
   11.019999753683924       0.96860411041452577      -0.24854767580656967       0.99996986986076253     
   11.039999753236890       0.92981516371551798      -0.36798583750286534       0.99996981527800077     
   11.059999752789857       0.87636253931825214      -0.48162066024508010       0.99996976069524190     
   11.079999752342822       0.80908921434794612      -0.58766006273891824       0.99996970611248603     
   11.099999751895787       0.72905612568478206      -0.68443174760616454       0.99996965152973327     
   11.119999751448752       0.63752543841296483      -0.77040957439750213       0.99996959694698340     
   11.139999751001717       0.53594064079485870      -0.84423762763136345       0.99996954236423641     
   11.159999750554682       0.42590377968322229      -0.90475160029316215       0.99996948778149264     
   11.179999750107649       0.30915019538135874      -0.95099715556589304       0.99996943319875164     
   11.199999749660615       0.18752115439601472      -0.98224497721800530       0.99996937861601376     
   11.219999749213580        6.2934811679189670E-002 -0.99800227129610464       0.99996932403327876     
   11.239999748766545       -6.2644039700158180E-002 -0.99802053773486632       0.99996926945054676     
   11.259999748319510      -0.18723495439067153      -0.98229948932193833       0.99996921486781765     
   11.279999747872475      -0.30887306743628318      -0.95108705621388467       0.99996916028509175     
   11.299999747425442      -0.42564008124107755      -0.90487547593216255       0.99996910570236874     
   11.319999746978407      -0.53569451814041635      -0.84439353050219179       0.99996905111964873     
   11.339999746531372      -0.63730076147922654      -0.77059505316017285       0.99996899653693161     
   11.359999746084338      -0.72885642720426158      -0.68464388588320602       0.99996894195421748     
   11.379999745637303      -0.80891763430585528      -0.58789552497065745       0.99996888737150635     
   11.399999745190268      -0.87622177558097136      -0.48187574413590062       0.99996883278879811     
   11.419999744743235      -0.92970742961063757      -0.36825653223381444       0.99996877820609298     
   11.439999744296200      -0.96853109992944242      -0.24882972509902265       0.99996872362339073     
   11.459999743849165      -0.99208051740166014      -0.12547874733494099       0.99996866904069170     
   11.479999743402130      -0.99998429601864069       -1.4890970075544702E-004  0.99996861445799545     
   11.499999742955096      -0.99211778984060450       0.12518326947757971       0.99996855987530220     
   11.519999742508061      -0.96860505871595870       0.24854123505460030       0.99996850529261183     
   11.539999742061026      -0.92981691177791004       0.36797956639155244       0.99996845070992468     
   11.559999741613993      -0.87636505957368571       0.48161465767317618       0.99996839612724042     
   11.579999741166958      -0.80909246705061011       0.58765442337016105       0.99996834154455905     
   11.599999740719923      -0.72906005953778485       0.68442656037637983       0.99996828696188067     
   11.619999740272888      -0.63752999137731459       0.77040492111203873       0.99996823237920540     
   11.639999739825853      -0.53594574106785153       0.84423358167497964       0.99996817779653313     
   11.659999739378819      -0.42590934683080972       0.90474822547270950       0.99996812321386375     
   11.679999738931786      -0.30915614160663596       0.95099450510404893       0.99996806863119725     
   11.699999738484751      -0.18752738592382490       0.98224309291392353       0.99996801404853375     
   11.719999738037716       -6.2941230235008333E-002  0.99800118286622130       0.99996795946587325     
   11.739999737590681        6.2637535340381328E-002  0.99802026234425634       0.99996790488321574     
   11.759999737143646       0.18722846680415531       0.98230003131361376       0.99996785030056123     
   11.779999736696611       0.30886669893571761       0.95108840704030373       0.99996779571790972     
   11.799999736249578       0.42563393226109825       0.90487761429002977       0.99996774113526110     
   11.819999735802543       0.53568868565369698       0.84439642266842296       0.99996768655261536     
   11.839999735355509       0.63729533746716838       0.77059865352372681       0.99996763196997274     
   11.859999734908474       0.72885149720639819       0.68464813766439536       0.99996757738733311     
   11.879999734461439       0.80891327607084895       0.58790036111659516       0.99996752280469647     
   11.899999734014404       0.87621805784047557       0.48188108837796045       0.99996746822206273     
   11.919999733567369       0.92970441099536283       0.36826230029042811       0.99996741363943198     
   11.939999733120336       0.96852882804451956       0.24883582600484547       0.99996735905680423     
   11.959999732673301       0.99207902807588222       0.12548508487542415       0.99996730447417947     
   11.979999732226267       0.99998361273942493        1.5538392950089030E-004  0.99996724989155772     
