.000000   1.000000
.040161   .984000
.080321   .968130
.120482   .952388
.160643   .936775
.200803   .921292
.240964   .905937
.281124   .890711
.321285   .875615
.361446   .860647
.401606   .845809
.441767   .831100
.481928   .816519
.522088   .802068
.562249   .787745
.602410   .773552
.642570   .759488
.682731   .745552
.722892   .731746
.763052   .718069
.803213   .704521
.843373   .691102
.883534   .677812
.923695   .664651
.963855   .651619
1.004016   .638716
1.044177   .625942
1.084337   .613297
1.124498   .600781
1.164659   .588394
1.204819   .576136
1.244980   .564007
1.285141   .552007
1.325301   .540136
1.365462   .528395
1.405622   .516782
1.445783   .505298
1.485944   .493944
1.526104   .482718
1.566265   .471621
1.606426   .460654
1.646586   .449815
1.686747   .439106
1.726908   .428525
1.767068   .418074
1.807229   .407752
1.847389   .397558
1.887550   .387494
1.927711   .377559
1.967871   .367752
2.008032   .358075
2.048193   .348527
2.088353   .339108
2.128514   .329818
2.168675   .320657
2.208835   .311625
2.248996   .302723
2.289156   .293949
2.329317   .285305
2.369478   .276790
2.409638   .268405
2.449799   .260149
2.489960   .252023
2.530120   .244026
2.570281   .236160
2.610442   .228424
2.650602   .220818
2.690763   .213343
2.730924   .206000
2.771084   .198789
2.811245   .191711
2.851406   .184766
2.891566   .177956
2.931727   .171281
2.971887   .164744
3.012048   .158345
3.052209   .152087
3.092369   .145972
3.132530   .140003
3.172691   .134181
3.212851   .128511
3.253012   .122996
3.293173   .117639
3.333333   .112446
3.373494   .107421
3.413655   .102569
3.453815   .097896
3.493976   .093408
3.534136   .089110
3.574297   .085010
3.614458   .081114
3.654618   .077428
3.694779   .073959
3.734940   .070713
3.775100   .067697
3.815261   .064915
3.855422   .062372
3.895582   .060073
3.935743   .058019
3.975904   .056212
4.016064   .054652
4.056225   .053337
4.096385   .052264
4.136546   .051427
4.176707   .050819
4.216867   .050429
4.257028   .050246
4.297189   .050255
4.337349   .050441
4.377510   .050785
4.417671   .051268
4.457831   .051868
4.497992   .052563
4.538152   .053328
4.578313   .054140
4.618474   .054975
4.658634   .055808
4.698795   .056616
4.738955   .057378
4.779116   .058072
4.819277   .058681
4.859437   .059188
4.899598   .059580
4.939759   .059848
4.979919   .059983
5.020080   .059983
5.060241   .059848
5.100401   .059580
5.140562   .059188
5.180723   .058681
5.220883   .058072
5.261044   .057378
5.301205   .056616
5.341365   .055808
5.381526   .054975
5.421687   .054140
5.461847   .053328
5.502008   .052563
5.542169   .051868
5.582329   .051268
5.622490   .050785
5.662651   .050441
5.702811   .050255
5.742972   .050246
5.783133   .050429
5.823293   .050819
5.863453   .051427
5.903614   .052264
5.943775   .053337
5.983935   .054652
6.024096   .056212
6.064257   .058019
6.104417   .060073
6.144578   .062372
6.184739   .064915
6.224899   .067697
6.265060   .070713
6.305221   .073959
6.345381   .077428
6.385542   .081114
6.425703   .085010
6.465863   .089110
6.506024   .093408
6.546185   .097896
6.586345   .102569
6.626506   .107421
6.666667   .112446
6.706827   .117639
6.746988   .122995
6.787148   .128511
6.827309   .134181
6.867470   .140003
6.907630   .145972
6.947791   .152087
6.987952   .158345
7.028112   .164744
7.068273   .171281
7.108433   .177956
7.148594   .184766
7.188755   .191711
7.228915   .198789
7.269076   .206000
7.309237   .213343
7.349397   .220818
7.389558   .228423
7.429718   .236160
7.469879   .244026
7.510040   .252023
7.550200   .260149
7.590361   .268405
7.630522   .276790
7.670682   .285305
7.710843   .293949
7.751004   .302723
7.791164   .311625
7.831325   .320657
7.871486   .329818
7.911646   .339108
7.951807   .348527
7.991968   .358075
8.032128   .367752
8.072289   .377558
8.112450   .387494
8.152610   .397558
8.192771   .407752
8.232931   .418074
8.273092   .428525
8.313252   .439106
8.353414   .449815
8.393574   .460654
8.433735   .471621
8.473895   .482718
8.514056   .493944
8.554216   .505298
8.594378   .516782
8.634538   .528395
8.674699   .540136
8.714859   .552007
8.755020   .564007
8.795180   .576136
8.835341   .588394
8.875502   .600780
8.915663   .613297
8.955823   .625941
8.995983   .638715
9.036144   .651618
9.076304   .664650
9.116466   .677812
9.156626   .691101
9.196787   .704521
9.236947   .718069
9.277108   .731746
9.317268   .745552
9.357430   .759488
9.397590   .773552
9.437751   .787745
9.477911   .802067
9.518072   .816519
9.558232   .831099
9.598393   .845809
9.638554   .860647
9.678715   .875615
9.718875   .890711
9.759036   .905937
9.799196   .921291
9.839357   .936775
9.879518   .952388
9.919679   .968130
9.959839   .984000
10.000000   1.000000
