   1.00000000       4.89858969E-04
   1.10000002       5.59755717E-04
   1.20000005       6.34338299E-04
   1.30000007       7.14113237E-04
   1.40000010       7.99209462E-04
   1.50000012       8.90103343E-04
   1.60000014       9.86997038E-04
   1.70000017       1.09041925E-03
   1.80000019       1.20064151E-03
   1.90000021       1.31823763E-03
   2.00000024       1.44362787E-03
   2.10000014       1.57708873E-03
   2.20000005       1.71950704E-03
   2.29999995       1.87101658E-03
   2.39999986       2.03250814E-03
   2.49999976       2.20458442E-03
   2.59999967       2.38778605E-03
   2.69999957       2.58305715E-03
   2.79999948       2.79070158E-03
   2.89999938       3.01193586E-03
   2.99999928       3.24752135E-03
   3.09999919       3.49840242E-03
   3.19999909       3.76530970E-03
   3.29999900       4.04959032E-03
   3.39999890       4.35235305E-03
   3.49999881       4.67448216E-03
   3.59999871       5.01740444E-03
   3.69999862       5.38221933E-03
   3.79999852       5.77075128E-03
   3.89999843       6.18444104E-03
   3.99999833       6.62562763E-03
   4.09999847       7.09422445E-03
   4.19999838       7.59374211E-03
   4.29999828       8.12571589E-03
   4.39999819       8.69256444E-03
   4.49999809       9.29636229E-03
   4.59999800       9.93959885E-03
   4.69999790       1.06243715E-02
   4.79999781       1.13544911E-02
   4.89999771       1.21319303E-02
   4.99999762       1.29612321E-02
   5.09999752       1.38450777E-02
   5.19999743       1.47870658E-02
   5.29999733       1.57911610E-02
   5.39999723       1.68615393E-02
   5.49999714       1.80028733E-02
   5.59999704       1.92207191E-02
   5.69999695       2.05170196E-02
   5.79999685       2.19051521E-02
   5.89999676       2.33832877E-02
   5.99999666       2.49600280E-02
   6.09999657       2.66440082E-02
   6.19999647       2.84410194E-02
   6.29999638       3.03596314E-02
   6.39999628       3.24096605E-02
   6.49999619       3.45982574E-02
   6.59999609       3.69331352E-02
   6.69999599       3.94330472E-02
   6.79999590       4.21001315E-02
   6.89999580       4.49481010E-02
   6.99999571       4.79952618E-02
   7.09999561       5.12505397E-02
   7.19999552       5.47289662E-02
   7.29999542       5.84467724E-02
   7.39999533       6.24233335E-02
   7.49999523       6.66659698E-02
   7.59999514       7.12095723E-02
   7.69999504       7.60625526E-02
   7.79999495       8.12484398E-02
   7.89999485       8.67889225E-02
   7.99999475       9.27118659E-02
   8.09999466       9.90398526E-02
   8.19999504      0.105791569    
   8.29999542      0.113001004    
   8.39999580      0.120701507    
   8.49999619      0.128915846    
   8.59999657      0.137675017    
   8.69999695      0.147015497    
   8.79999733      0.156955615    
   8.89999771      0.167555481    
   8.99999809      0.178819358    
   9.09999847      0.190790534    
   9.19999886      0.203500539    
   9.29999924      0.216986418    
   9.39999962      0.231277078    
   9.50000000      0.246384472    
   9.60000038      0.262342989    
   9.70000076      0.279169619    
   9.80000114      0.296845973    
   9.90000153      0.315493703    
   10.0000019      0.334990084    
   10.1000023      0.355380535    
   10.2000027      0.376642406    
   10.3000031      0.398737520    
   10.4000034      0.421640933    
   10.5000038      0.445307463    
   10.6000042      0.469671547    
   10.7000046      0.494656086    
   10.8000050      0.520165026    
   10.9000053      0.546100318    
   11.0000057      0.572341383    
   11.1000061      0.598834932    
   11.2000065      0.625361085    
   11.3000069      0.651795030    
   11.4000072      0.678003192    
   11.5000076      0.703874946    
   11.6000080      0.729179263    
   11.7000084      0.753948033    
   11.8000088      0.777726352    
   11.9000092      0.800674736    
   12.0000095      0.822588503    
   12.1000099      0.843346715    
   12.2000103      0.862877369    
   12.3000107      0.881092608    
   12.4000111      0.897940457    
   12.5000114      0.913483977    
   12.6000118      0.927571118    
   12.7000122      0.940269113    
   12.8000126      0.951573193    
   12.9000130      0.961554646    
   13.0000134      0.970206797    
   13.1000137      0.977593064    
   13.2000141      0.983798504    
   13.3000145      0.988872707    
   13.4000149      0.992901385    
   13.5000153      0.995948374    
   13.6000156      0.998099685    
   13.7000160      0.999426186    
   13.8000164       1.00001705    
   13.9000168      0.999930739    
   14.0000172      0.999261320    
   14.1000175      0.998058081    
   14.2000179      0.996410370    
   14.3000183      0.994356751    
   14.4000187      0.991959512    
   14.5000191      0.989291906    
   14.6000195      0.986386001    
   14.7000198      0.983287990    
   14.8000202      0.980042219    
   14.9000206      0.976686597    
   15.0000210      0.973251224    
   15.1000214      0.969770133    
   15.2000217      0.966353774    
   15.3000221      0.962759554    
   15.4000225      0.959284246    
   15.5000229      0.955844820    
   15.6000233      0.952471375    
   15.7000237      0.949160159    
   15.8000240      0.945954382    
   15.9000244      0.942823291    
   16.0000248      0.939791024    
   16.1000252      0.936894476    
   16.2000256      0.934100389    
   16.3000259      0.931467891    
   16.4000263      0.928900957    
   16.5000267      0.926471055    
   16.6000271      0.924163163    
   16.7000275      0.922050059    
   16.8000278      0.920027792    
   16.9000282      0.918150008    
   17.0000286      0.916408360    
   17.1000290      0.914796948    
   17.2000294      0.913321555    
   17.3000298      0.911974072    
   17.4000301      0.910757601    
   17.5000305      0.909671128    
   17.6000309      0.908737957    
   17.7000313      0.907875836    
   17.8000317      0.907152712    
   17.9000320      0.906531036    
   18.0000324      0.906063855    
   18.1000328      0.905711770    
   18.2000332      0.905447781    
   18.3000336      0.905304909    
   18.4000340      0.905249715    
   18.5000343      0.905297935    
   18.6000347      0.905507386    
   18.7000351      0.905688465    
   18.8000355      0.906024098    
   18.9000359      0.906434178    
   19.0000362      0.906946063    
   19.1000366      0.907529771    
   19.2000370      0.908173859    
   19.3000374      0.908906937    
   19.4000378      0.909702837    
   19.5000381      0.910574019    
   19.6000385      0.911492169    
   19.7000389      0.912482560    
   19.8000393      0.913532972    
   19.9000397      0.914616227    
   20.0000401      0.915752292    
   20.1000404      0.916961551    
   20.2000408      0.918204904    
   20.3000412      0.919473410    
   20.4000416      0.920803964    
   20.5000420      0.922127187    
   20.6000423      0.923478305    
   20.7000427      0.924965799    
   20.8000431      0.926404536    
   20.9000435      0.927874506    
   21.0000439      0.929374874    
   21.1000443      0.930887282    
   21.2000446      0.932437837    
   21.3000450      0.933982611    
   21.4000454      0.935545921    
   21.5000458      0.937112629    
   21.6000462      0.938692868    
   21.7000465      0.940303206    
   21.8000469      0.941882133    
   21.9000473      0.943489313    
   22.0000477      0.945089817    
   22.1000481      0.946703136    
   22.2000484      0.948287010    
   22.3000488      0.949806571    
   22.4000492      0.951463163    
   22.5000496      0.953026116    
   22.6000500      0.954600513    
   22.7000504      0.956151485    
   22.8000507      0.957719088    
   22.9000511      0.959219098    
   23.0000515      0.960722566    
   23.1000519      0.962215662    
   23.2000523      0.963680565    
   23.3000526      0.965136588    
   23.4000530      0.966555655    
   23.5000534      0.967952192    
   23.6000538      0.969334722    
   23.7000542      0.970690608    
   23.8000546      0.972011387    
   23.9000549      0.973308563    
   24.0000553      0.974583745    
   24.1000557      0.975821197    
   24.2000561      0.977036119    
   24.3000565      0.978218675    
   24.4000568      0.979303181    
   24.5000572      0.980488360    
   24.6000576      0.981578410    
   24.7000580      0.982634008    
   24.8000584      0.983660579    
   24.9000587      0.984659910    
   25.0000591      0.985607088    
   25.1000595      0.986527741    
   25.2000599      0.987418652    
   25.3000603      0.988292754    
   25.4000607      0.989113569    
   25.5000610      0.989913225    
   25.6000614      0.990674675    
   25.7000618      0.991405845    
   25.8000622      0.992102563    
   25.9000626      0.992772043    
   26.0000629      0.993405938    
