   0.0000000000000000        1.0000000000000000      -0.12566370683170014        1.0157913672146834     
   1.9999999552965164E-002  0.98420863278531656      -0.25132741366340028        1.0318321017078760     
   3.9999999105930328E-002  0.95262589835594957      -0.37500671875496272        1.0481261413298437     
   5.9999998658895493E-002  0.90550116399040814      -0.49471722036624977        1.0646774861148927     
   7.9999998211860657E-002  0.84333316424571014      -0.60850585317370365        1.0814901992633390     
   9.9999997764825821E-002  0.76686606310711625      -0.71448222468692657        1.0985684081389875     
  0.11999999731779099       0.67708157828759741      -0.81084945682039933        1.1159163052823606     
  0.13999999687075615       0.57518722986107540      -0.89593403777547675        1.1335381494399270     
  0.15999999642372131       0.46260083759751652      -0.96821419720207669        1.1514382666095857     
  0.17999999597668648       0.34093145257002483       -1.0263463332380300        1.1696210511026566     
  0.19999999552965164       0.21195696784221060       -1.0691890433434954        1.1880909666226427     
  0.21999999508261681        7.7598709351827666E-002  -1.0958243416113551        1.2068525473610294     
  0.23999999463558197       -6.0106639451462489E-002  -1.1055756830738614        1.2259103991103835     
  0.25999999418854713      -0.19903737796951285       -1.0980224599551942        1.2452692003950347     
  0.27999999374151230      -0.33701895047194458       -1.0730106852414831        1.2649337036196082     
  0.29999999329447746      -0.47185745064941198       -1.0306596346526493        1.2849087362356948     
  0.31999999284744263      -0.60137396082166972      -0.97136427830788818        1.3051992019269476     
  0.33999999240040779      -0.72343919671773815      -0.89579339719897555        1.3258100818128877     
  0.35999999195337296      -0.83600791556512288      -0.80488334607207701        1.3467464356717245     
  0.37999999150633812      -0.93715254039964224      -0.69982749246152065        1.3680134031824829     
  0.39999999105930328       -1.0250954572450905      -0.58206143036815694        1.3896162051867460     
  0.41999999061226845       -1.0982394541889147      -0.45324413535440228        1.4115601449703250     
  0.43999999016523361       -1.1551957923372778      -0.31523529455220012        1.4338506095651633     
  0.45999998971819878       -1.1948094279748900      -0.17006910917071488        1.4564930710718043     
  0.47999998927116394       -1.2161809426508472       -1.9924927493926964E-002   1.4794930880027415     
  0.49999998882412910       -1.2186847828980869       0.13290487793764982        1.5028563066469789     
  0.51999998837709427       -1.2019834632804272       0.28604932521600912        1.5265884624561441     
  0.53999998793005943       -1.1660374447370769       0.43709502276223233        1.5506953814524882     
  0.55999998748302460       -1.1111104639390885       0.58362361037245714        1.5751829816591183     
  0.57999998703598976       -1.0377701576651857       0.72324986997053309        1.6000572745528172     
  0.59999998658895493      -0.94688389803914330       0.85365991482205816        1.6253243665398063     
  0.61999998614192009      -0.83960982876897006       0.97264885538890655        1.6509904604548093     
  0.63999998569488525      -0.71738316815518977        1.0781573387643444        1.6770618570837905     
  0.65999998524785042      -0.58189792041826116        1.1683063668933944        1.7035449567107397     
  0.67999998480081558      -0.43508421163936095        1.2414298165708106        1.7304462606888809     
  0.69999998435378075      -0.27908153911767530        1.2961041113893608        1.7577723730366950     
  0.71999998390674591      -0.11620829204068145        1.3311745321031840        1.7855300020591434     
  0.73999998345971107        5.1072034103358678E-002   1.3457776968455968        1.8137259619944937     
  0.75999998301267624       0.22018744806040438        1.3393597957247336        1.8423671746871535     
  0.77999998256564140       0.38849636477252308        1.3116902248036508        1.8714606712869173     
  0.79999998211860657       0.55332822063625586        1.2628703315156953        1.9010135939750472     
  0.81999998167157173       0.71202518774229617        1.1933370562159544        1.9310331977176121     
  0.83999998122453690       0.86198434572602189        1.1038613317667203        1.9615268520465154     
  0.85999998077750206        1.0006996525040051       0.99554118365189059        1.9925020428686437     
  0.87999998033046722        1.1258030479453200       0.86978955589304308        2.0239663743035896     
  0.89999997988343239        1.2351040277023382       0.72831697172580789        2.0559275705503892     
  0.91999997943639755        1.3266270381178418       0.57310922128196917        2.0883934777837427     
  0.93999997898936272        1.3986460672835630       0.40640035008892200        2.1213720660801756     
  0.95999997854232788        1.4497158417334377       0.23064130072848998        2.1548714313746196     
  0.97999997809529305        1.4786990825314648        4.8464634203627871E-002   2.1888997974478870     
  0.99999997764825821        1.4847893281157349      -0.13735417379591008        2.2234655179455327     
   1.0199999772012234        1.4675288934877353      -0.32393830463108281        2.2585770784285968     
   1.0399999767541885        1.4268216053430169      -0.50835342526937488        2.2942430984567297     
   1.0599999763071537        1.3629400295430756      -0.68765311718433553        2.3304723337042130     
   1.0799999758601189        1.2765269898233185      -0.85892521348602535        2.3672736781093970     
   1.0999999754130840        1.1685912636054552       -1.0193383268979355        2.4046561660580767     
   1.1199999749660492        1.0404974309318373       -1.1661878368537375        2.4426289746013530     
   1.1399999745190144       0.89394994449075471       -1.2969406009734932        2.4812014257085089     
   1.1599999740719795       0.73097158103189264       -1.4092776647201939        2.5203829885554678     
   1.1799999736249447       0.55387652572803114       -1.5011342631812901        2.5601832818493890     
   1.1999999731779099       0.36523842976459731       -1.5707364405313380        2.6006120761899663     
   1.2199999727308750       0.16785386619179904       -1.6166336554929468        2.6416792964680220     
   1.2399999722838402       -3.5298311546326351E-002  -1.6377267945246405        2.6833950243019755     
   1.2599999718368053      -0.24110113132389080       -1.6332910778508289        2.7257695005127824     
   1.2799999713897705      -0.44634654250176892       -1.6029934159673522        2.7688131276379639     
   1.2999999709427357      -0.64778463717903578       -1.5469038549050669        2.8125364724853310     
   1.3199999704957008      -0.84217430969865292       -1.4655008361685213        2.8569502687270378     
   1.3399999700486660       -1.0263345771365453       -1.3596700906133603        2.9020654195345945     
   1.3599999696016312       -1.1971957607912138       -1.2306970832008366        2.9478930002555002     
   1.3799999691545963       -1.3518497182531921       -1.0802530260966152        2.9944442611321294     
   1.3999999687075615       -1.4875983178286540      -0.91037457942152966        3.0417306300635683     
   1.4199999682605267       -1.6019993620841135      -0.72343746052657942        3.0897637154110527     
   1.4399999678134918       -1.6929091950347952      -0.52212428234507069        3.1385553088477134     
   1.4599999673664570       -1.7585212677811179      -0.30938703756752872        3.1881173882533216     
   1.4799999669194221       -1.7973999897675321       -8.8404736515772658E-002   3.2384621206547477     
   1.4999999664723873       -1.8085092566595840       0.13746320885767532        3.2896018652128496     
   1.5199999660253525       -1.7912351202815482       0.36472718588896125        3.3415491762565335     
   1.5399999655783176       -1.7454021501204469       0.58982043091066683        3.3943168063647238     
   1.5599999651312828       -1.6712831284071419       0.80915413500682176        3.4479177094970010     
   1.5799999646842480       -1.5696018204039868        1.0191737680877435        3.5023650441736787     
   1.5999999642372131       -1.4415286668004494        1.2164157510894931        3.5576721767060966     
   1.6199999637901783       -1.2886693544700771        1.3975635868637963        3.6138526844779255     
   1.6399999633431435       -1.1130463336117657        1.5595025548269204        3.6709203592782860     
   1.6599999628961086      -0.91707346175870830        1.6993720829840080        3.7288892106875071     
   1.6799999624490738      -0.70352406652463029        1.8146149336255868        3.7877734695163450     
   1.6999999620020390      -0.47549282749307953        1.9030223756703835        3.8475875912995137     
   1.7199999615550041      -0.23635198158267093        1.9627745669450500        3.9083462598443841     
   1.7399999611079693        1.0297546174629038E-002   1.9924754330677461        3.9700643908357209     
   1.7599999606609344       0.26067939486501907        1.9911814052441716        4.0327571354973468     
   1.7799999602138996       0.51089863122235535        1.9584234661907889        4.0964398843116205     
   1.7999999597668648       0.75700138353007662        1.8942220503761460        4.1611282707976605     
   1.8199999593198299       0.99503634794268658        1.7990944504450310        4.2268381753492275     
   1.8399999588727951        1.2211172255259497        1.6740544945302758        4.2935857291332100     
   1.8599999584257603        1.4314851187468922        1.5206043774946438        4.3613873180496778     
   1.8799999579787254        1.6225699014473791        1.3407186511984930        4.4302595867544641     
   1.8999999575316906        1.7910495769753789        1.1368205027890690        4.5002194427452755     
   1.9199999570846558        1.9339066553581303       0.91175057382699443        4.5712840605123235     
   1.9399999566376209        2.0484806121711601       0.66872869484819653        4.6434708857545033     
   1.9599999561905861        2.1325155388305093       0.41130902774989825        4.7167976396621434     
   1.9799999557435513        2.1842021559109042       0.14332922026425607        4.7912823232674011     
   1.9999999552965164        2.2022134370266078      -0.13114571911729919        4.8669432218633384     
   2.0199999548494816        2.1857331798272188      -0.40788402284864156        4.9437989094927968     
   2.0399999544024467        2.1344769615586325      -0.68255135637076891        5.0218682535081482     
   2.0599999539554119        2.0487050280140768      -0.95077764350709104        5.1011704192030560     
   2.0799999535083771        1.9292267849582669       -1.2082255115320819        5.1817248745173723     
   2.0999999530613422        1.7773966884905184       -1.4506593006489410        5.2635513948163357     
   2.1199999526143074        1.5951014634210907       -1.6740135570350481        5.3466700677452392     
   2.1399999521672726        1.3847387145575469       -1.8744599197012120        5.4311012981607618     
   2.1599999517202377        1.1491871327404417       -2.0484713195658770        5.5168658131401633     
   2.1799999512732029       0.89176863338536938       -2.1928824345093338        5.6039846670695921     
   2.1999999508261681       0.61620289801880357       -2.3049453866167786        5.6924792468127432     
   2.2199999503791332       0.32655491669191294       -2.3823797269422577        5.7823712769611291     
   2.2399999499320984        2.7176249123655238E-002  -2.4234158282578804        5.8736828251672595     
   2.2599999494850636      -0.27735916704984481       -2.4268308964605407        5.9664363075620557     
   2.2799999490380287      -0.58232373335277421       -2.3919769154053045        6.0606544942577880     
   2.2999999485909939      -0.88290841919846086       -2.3187999564961204        6.1563605149379343     
   2.3199999481439590       -1.1742974171329483       -2.2078504117467252        6.2535778645352975     
   2.3399999476969242       -1.4517440840029372       -2.0602838453869077        6.3523304089997907     
   2.3599999472498894       -1.7106469891397253       -1.8778523024201075        6.4526423911573065     
   2.3799999468028545       -1.9466248703442788       -1.6628860606843225        6.5545384366611046     
   2.3999999463558197       -2.1555892967686341       -1.4182659636660828        6.6580435600371768     
   2.4199999459087849       -2.3338138550361474       -1.1473866222273985        6.7631831708250827     
   2.4399999454617500       -2.4779987111543460      -0.85411092214837614        6.8699830798157491     
   2.4599999450147152       -2.5853294556769524      -0.54271641858054565        6.9784695053877810     
   2.4799999445676804       -2.6535292125942083      -0.21783433579899819        7.0886690799438297     
   2.4999999441206455       -2.6809030827059317       0.11561798124179251        7.2006088564485955     
   2.5199999436736107       -2.6663740986066902       0.45251020027115185        7.3143163150700774     
   2.5399999432265759       -2.6095099894614622       0.78757665330210169        7.4298193699256991     
   2.5599999427795410       -2.5105401877934153        1.1154973515921798        7.5471463759349637     
   2.5799999423325066       -2.3703626556313977        1.4309811377402528        7.6663261357803201     
   2.5999999418854718       -2.1905402614567140        1.7288496955823269        7.7873879069779530     
   2.6199999414384374       -1.9732866001549825        2.0041211048010594        7.9103614090602283     
   2.6399999409914030       -1.7214413131860391        2.2520916136178575        8.0352768308715596     
   2.6599999405443682       -1.4384351328942342        2.4684143101260450        8.1621648379794909     
   2.6799999400973338       -1.1282450406873816        2.6491734009624834        8.2910565802028025     
   2.6999999396502989      -0.79534009108249415        2.7909528549897420        8.4219836992585027     
   2.7199999392032645      -0.44461860973196671        2.8908982390270301        8.5549783365295706     
   2.7399999387562302       -8.1337620942595792E-002   2.9467706616523062        8.6900731409553718     
   2.7599999383091953       0.28896450358353465        2.9569918486048246        8.8273012770466561     
   2.7799999378621609       0.66055106035033839        2.9206794979417356        8.9666964330271455     
   2.7999999374151265        1.0275744725290459        2.8376722031465023        9.1082928291036716     
   2.8199999369680917        1.3841668803497127        2.7085433858828734        9.2521252258669158     
   2.8399999365210573        1.7245324823342385        2.5346038448244581        9.3982289328248161     
   2.8599999360740229        2.0430401968247591        2.3178927005426644        9.5466398170707158     
   2.8799999356269881        2.3343151856130904        2.0611566962034988        9.6973943120883987     
   2.8999999351799537        2.5933277764190024        1.7678179970658296        9.8505294266961680     
   2.9199999347329189        2.8154783389340863        1.4419308156514072        10.006082754132175     
   2.9399999342858845        2.9966767102236989        1.0881273710765922        10.164092481283186     
   2.9599999338388501        3.1334148291782165       0.71155386749365768        10.324597398059133     
   2.9799999333918152        3.2228313257779018       0.31779734501770451        10.487636906915650     
   2.9999999329447808        3.2627669181740990       -8.7195585872869213E-002   10.653251032527020     
   3.0199999324977465        3.2518095976339523      -0.49720697133846897        10.821480431611860     
   3.0399999320507116        3.1893287265529975      -0.90584141928805073        10.992366402913955     
   3.0599999316036772        3.0754973360035729       -1.3066242893715261        11.165950897340720     
   3.0799999311566428        2.9113020843648107       -1.6931026849647539        11.342276528261751     
   3.0999999307096080        2.6985405249254355       -2.0589476965928912        11.521386581970017     
   3.1199999302625736        2.4398055251989823       -2.3980563019905832        11.703325028308234     
   3.1399999298155388        2.1384568810997266       -2.7046513082355501        11.888136531463044     
   3.1599999293685044        1.7985803720196403       -2.9733777268142978        12.075866460929669     
   3.1799999289214700        1.4249347050573413       -3.1993940033970238        12.266560902649688     
   3.1999999284744352        1.0228869949753583       -3.3784565804276645        12.460266670324707     
   3.2199999280274008       0.59833761770886806       -3.5069963518862068        12.657031316908688     
   3.2399999275803664       0.15763545628559786       -3.5821856748643519        12.856903146281741     
   3.2599999271333315      -0.29251527417727197       -3.6019947306293068        13.059931225108297     
   3.2799999266862971      -0.74515528401640185       -3.5652361769712995        13.266165394882492     
   3.2999999262392627       -1.1931760777450946       -3.4715972018165702        13.475656284163808     
   3.3199999257922279       -1.6294298507519227       -3.3216582729842128        13.688455321005897     
   3.3399999253451935       -2.0468417421633021       -3.1168980779165021        13.904614745581686     
   3.3599999248981587       -2.4385227084508911       -2.8596843572984065        14.124187623007870     
   3.3799999244511243       -2.7978812451576371       -2.5532505545611905        14.347227856371877     
   3.3999999240040899       -3.1187321743138905       -2.2016584260197889        14.573790199964581     
   3.4199999235570551       -3.3954007333047835       -1.8097469803802175        14.803930272721978     
   3.4399999231100207       -3.6228202472868376       -1.3830683380540656        15.037704571879098     
   3.4599999226629863       -3.7966217414482704      -0.92781131659506499        15.275170486839565     
   3.4799999222159514       -3.9132139507320063      -0.45071375512685069        15.516386313264144     
   3.4999999217689171       -3.9698523119212816        4.1035215547655220E-002   15.761411267381787     
   3.5199999213218827       -3.9646956746249256       0.53990157263807814        16.010305500526663     
   3.5399999208748478       -3.8968496416829601        1.0381199275710544        16.263130113904747     
   3.5599999204278134       -3.7663956434485253        1.5278124985107178        16.519947173593593     
   3.5799999199807786       -3.5744050615418672        2.0011117364612256        16.780819725778983     
   3.5999999195337442       -3.3229379429537294        2.4502847262125678        17.045811812232159     
   3.6199999190867098       -3.0150260814647605        2.8678574256958380        17.314988486031506     
   3.6399999186396750       -2.6546404866870046        3.2467367792869553        17.588415827532447     
   3.6599999181926406       -2.2466435078949902        3.5803287431495527        17.866160960589564     
   3.6799999177456062       -1.7967261263547354        3.8626502942810110        18.148292069034873     
   3.6999999172985714       -1.3113311721808261        4.0884335594801087        18.434878413416332     
   3.7199999168515370      -0.79756345596143341        4.2532202954603093        18.725990348000625     
   3.7399999164045026      -0.26308802766207207        4.3534450757699243        19.021699338044520     
   3.7599999159574677       0.28398201804738832        4.3865056925489814        19.322077977338886     
   3.7799999155104334       0.83520658341144727        4.3508194594875995        19.627200006029792     
   3.7999999150633985        1.3819466844461530        4.2458643042458775        19.937140328721043     
   3.8199999146163641        1.9154977316220874        4.0722037612345963        20.251975032862553     
   3.8399999141693297        2.4272259512328183        3.8314952158512519        20.571781407429089     
   3.8599999137222949        2.9087058427646117        3.5264810055012363        20.896637961894001     
   3.8799999132752605        3.3518565179874784        3.1609622472164109        21.226624445502566     
   3.8999999128282261        3.7490747511277536        2.7397555323981093        21.561821866849673     
   3.9199999123811913        4.0933625871415584        2.2686329019822620        21.902312513766692     
   3.9399999119341569        4.3784474070450061        1.7542457858758556        22.248179973522337     
   3.9599999114871225        4.5988924351920550        1.2040338545389342        22.599509153342595     
   3.9799999110400877        4.7501957925042779       0.62611998381243628        22.956386301254632     
   3.9999999105930533        4.8288763505915524        2.9192772350003188E-002   23.318899027259867     
   4.0199999101460184        4.8325448225777476      -0.57762172969726366        23.687136324841454     
   4.0399999096989845        4.7599587348774515       -1.1848972255327241        24.061188592811295     
   4.0599999092519496        4.6110601573024121       -1.7830512845233546        24.441147657502132     
   4.0799999088049148        4.3869953234181827       -2.3624941963139379        24.827106795310044     
   4.0999999083578809        4.0901155453409945       -2.9137802905079999        25.219160755592945     
   4.1199999079108460        3.7239591131426111       -3.4277593713055099        25.617405783930646     
   4.1399999074638112        3.2932141644172628       -3.8957258775527008        26.021939645752251     
   4.1599999070167764        2.8036628098438126       -4.3095633768440340        26.432861650336655     
   4.1799999065697424        2.2621071010834521       -4.6618820382351878        26.850272675192048     
   4.1999999061227076        1.6762777233466968       -4.9461468018076458        27.274275190820386     
   4.2199999056756727        1.0547265816977895       -5.1567940742027947        27.704973285872963     
   4.2399999052286388       0.40670472296572102       -5.2893349261528666        28.142472692703176     
   4.2599999047816040      -0.25797271052902510       -5.3404429492266985        28.586880813322850     
   4.2799999043345691      -0.92907256765206903       -5.3080251421601998        29.038306745768416     
   4.2999999038875352       -1.5960986829717818       -5.1912744393933954        29.496861310883467     
   4.3199999034405003       -2.2484534722066121       -4.9907027624219671        29.962657079524224     
   4.3399999029934655       -2.8756036810277621       -4.7081537644658775        30.435808400194627     
   4.3599999025464315       -3.4672477354041673       -4.3467947465290466        30.916431427117846     
   4.3799999020993967       -4.0134820760895673       -3.9110875435943413        31.404644148751043     
   4.3999999016523619       -4.5049638345609209       -3.4067385086103386        31.900566416750429     
   4.4199999012053279       -4.9330672237591937       -2.8406280540166633        32.404319975393733     
   4.4399999007582931       -5.2900310747570467       -2.2207205406291193        32.916028491467280     
   4.4599999003112583       -5.5690950497297989       -1.5559556265202661        33.435817584625028     
   4.4799998998642243       -5.7646222014239763      -0.85612249887314817        33.963814858227018     
   4.4999998994171895       -5.8722057281343938      -0.13171870455789575        34.500149930664797     
   4.5199998989701546       -5.8887579888082087       0.60620443451781492        35.044954467181562     
   4.5399998985231207       -5.8125800924688855        1.3462075920262417        35.598362212194687     
   4.5599998980760859       -5.6434106562898911        2.0766379527020282        36.160509022128771     
   4.5799998976290510       -5.3824526334059613        2.7858098549449335        36.731532898767078     
   4.5999998971820162       -5.0323774405053001        3.4621888047047724        37.311574023129737     
   4.6199998967349822       -4.5973059615548850        4.0945760080548919        37.900774789886817     
   4.6399998962879474       -4.0827663624785622        4.6722905166233524        38.499279842314941     
   4.6599998958409126       -3.4956290167650725        5.1853460718601854        39.107236107805804     
   4.6799998953938786       -2.8440192081699265        5.6246197718153352        39.724792833935489     
   4.6999998949468438       -2.1372086381247399        5.9820097678145245        40.352101625103387     
   4.7199998944998089       -1.3854871163977289        6.2505793275540089        40.989316479749618     
   4.7399998940527750      -0.60001614825169658        6.4246847743681110        41.636593828160230     
   4.7599998936057402       0.20733355572058529        6.5000850277162980        42.294092570869331     
   4.7799998931587053        1.0241583350246497        6.4740307245538524        42.961974117667744     
   4.7999998927116714        1.8377090340144042        6.3453311917920727        43.640402427227563     
   4.8199998922646365        2.6350868726498056        6.1143978624997199        44.329544047352478     
   4.8399998918176017        3.4034447730953445        5.7832630782589929        45.029568155863700     
   4.8599998913705678        4.1301910490922786        5.3555735920748573        45.740646602131569     
   4.8799998909235329        4.8031922788823689        4.8365584749228132        46.462953949262889     
   4.8999998904764981        5.4109721451494437        4.2329715285330538        47.196667516954633     
   4.9199998900294641        5.9429030383379553        3.5530087112104987        47.941967425024188     
   4.9399998895824293        6.3893872833939884        2.8062014860715778        48.699036637627145     
   4.9599998891353945        6.7420249642503682        2.0032873956569626        49.468061008173237     
   4.9799998886883605        6.9937654842378452        1.1560595470974007        50.249229324951671     
   4.9999998882413257        7.1390402122442813       0.27719705163647274        51.042733357476827     
   5.0199998877942908        7.1738738212757385      -0.61992120465471101        51.848767903565914     
   5.0399998873472560        7.0959722247552541       -1.5214167813791137        52.667530837160015     
   5.0599998869002221        6.9047853523712002       -2.4131229547166448        53.499223156900271     
   5.0799998864531872        6.6015433768408416       -3.2808038769728367        54.344049035471180     
   5.0999998860061524        6.1892654002726220       -4.1103782885169160        55.202215869723069     
   5.1199998855591184        5.6727400280570466       -4.8881443212803601        56.073934331586095     
   5.1399998851120836        5.0584776931166315       -5.6010018610985712        56.959418419788214     
   5.1599998846650488        4.3546350372797340       -6.2366689189410742        57.858885512389897     
   5.1799998842180148        3.5709121026435464       -6.7838884996248447        58.772556420148383     
   5.1999998837709800        2.7184235270477477       -7.2326225512132130        59.700655440724645     
   5.2199998833239452        1.8095453671477473       -7.5742297283605371        60.643410413746409     
   5.2399998828769112       0.85773958308710097       -7.8016239068764532        61.601052776740644     
   5.2599998824298764      -0.12264139635780473       -7.9094106423834551        62.573817621949253     
   5.2799998819828415       -1.1165672565338083       -7.8939990699061173        63.561943754042083     
   5.2999998815358076       -2.1085564413842044       -7.7536870895231775        64.565673748741219     
   5.3199998810887728       -3.0829135026667833       -7.4887180710349801        65.585254012371053     
   5.3399998806417379       -4.0239735748905776       -7.1013077324483715        66.620934842348689     
   5.3599998801947040       -4.9163502279026554       -6.5956402968348140        67.672970488629730     
   5.3799998797476691       -5.7451828365314528       -5.9778335031136924        68.741619216124107     
   5.3999998793006343       -6.4963795533554469       -5.2558725314492882        69.827143368097865     
   5.4199998788536004       -7.1568519782922762       -4.4395133957889783        70.929809430575858     
   5.4399998784065655       -7.7147376881361076       -3.5401568469509845        72.049888097761595     
   5.4599998779595307       -8.1596069202895922       -2.5706943118255805        73.187654338490205     
   5.4799998775124958       -8.4826498966447605       -1.5453278599323976        74.343387463730608     
   5.4999998770654619       -8.6768415237941632      -0.47936663016447895        75.517371195153871     
   5.5199998766184271       -8.7370805114720529       0.61099743930671313        76.709893734784103     
   5.5399998761713922       -8.6603003083840946        1.7089313632652978        77.921247835749426     
   5.5599998757243583       -8.4455496585552261        2.7972168022925592        79.151730874150104     
   5.5799998752773234       -8.0940410263672273        3.8585158786178084        80.401644922061593     
   5.5999998748302886       -7.6091656181911391        4.8756430772389727        81.671296821690461     
   5.6199998743832547       -6.9964742359169723        5.8318390347171967        82.960998260701189     
   5.6399998739362198       -6.2636237251686051        6.7110419219550099        84.271065848732633     
   5.6599998734891850       -5.4202893205528015        7.4981520974586786        85.601821195122739     
   5.6799998730421510       -4.4780437335982564        8.1792857455796213        86.953590987860593     
   5.6999998725951162       -3.4502043675730349        8.7420133204980441        88.326707073785286     
   5.7199998721480814       -2.3516505685471514        9.1755787906541926        89.721506540051195     
   5.7399998717010474       -1.1986133253872173        9.4710959182707022        91.138331796879754     
   5.7599998712540126       -8.4403045387359786E-003   9.6217181117967314        92.577530661617971     
   5.7799998708069777        1.2006604594793480        9.6227787517518575        94.039456444124198     
   5.7999998703599438        2.4098945074458067        9.4718993077674298        95.524468033502586     
   5.8199998699129090        3.6001684851964764        9.1690630308884362        97.032929986206923     
   5.8399998694658741        4.7523869338314206        8.7166525138199802        98.565212615535785     
   5.8599998690188402        5.8477537998818967        8.1194499554161865        100.12169208254107     
   5.8799998685718053        6.8680739787139773        7.3845995362838677        101.70275048837196     
   5.8999998681247705        7.7960501299110616        6.5215319013243258        103.30877596807716     
   5.9199998676777357        8.6155700028526621        5.5418513433539447        104.94016278588855     
   5.9399998672307017        9.3119795853687553        4.4591868803274775        106.59731143200915     
   5.9599998667836669        9.8723375382059917        3.2890090076889216        108.28062872093001     
   5.9799998663366321        10.285646601915033        2.0484144775442155        109.99052789129901     
   5.9999998658895981        10.543057958290960       0.75588199838669201        111.72742870736741     
   6.0199998654425633        10.638044892135586      -0.56899774599360631        113.49175756203783     
   6.0399998649955284        10.566542526195146       -1.9058139005813977        115.28394758153978     
   6.0599998645484945        10.327050886916707       -3.2336448028178766        117.10443873175821     
   6.0799998641014597        9.9206990944175502       -4.5313802979074262        118.95367792624080     
   6.0999998636544248        9.3512690491183701       -5.7780521204738262        120.83211913591127     
   6.1199998632073909        8.6251776013928634       -6.9531672527665886        122.74022350051482     
   6.1399998627603560        7.7514168301894246       -8.0370390422393676        124.67845944182376     
   6.1599998623133212        6.7414527121905286       -9.0111108143185987        126.64730277863063     
   6.1799998618662872        5.6090831245920336       -9.8582667515630789        128.64723684355718     
   6.1999998614192524        4.3702567816549136       -10.563124928926449        130.67875260170817     
   6.2199998609722176        3.0428553473596769       -11.112307595915581        132.74234877119849     
   6.2399998605251836        1.6464415834028667       -11.494684078217459        134.83853194558409     
   6.2599998600781488       0.20197697327473665       -11.701582030669716        136.96781671822561     
   6.2799998596311140       -1.2684872004944330       -11.726963205826067        139.13072580861657     
   6.2999998591840800       -2.7421408668174942       -11.567560402143370        141.32779019070588     
   6.3199998587370452       -4.1957633859504222       -11.222972816164392        143.55954922324705     
   6.3399998582900103       -5.6060837517010444       -10.695717636097136        145.82655078220577     
   6.3599998578429755       -6.9501472770781998       -9.9912363710494176        148.12935139525825     
   6.3799998573959416       -8.2056830752959726       -9.1178551011855244        150.46851637841365     
   6.3999998569489067       -9.3514665456652715       -8.0866985488576884        152.84461997479380     
   6.4199998565018719       -10.367671061345259       -6.9115585984167565        155.25824549560454     
   6.4399998560548379       -11.236203134806820       -5.6087186216363643        157.70998546333311     
   6.4599998556078031       -11.941015507377630       -4.1967356850025697        160.20044175720702     
   6.4799998551607683       -12.468392870147927       -2.6961834130106821        162.73022576094959     
   6.4999998547137343       -12.807205272124994       -1.1293589467139529        165.29995851286910     
   6.5199998542666995       -12.949124703712615       0.48004194193576682        167.91027085831777     
   6.5399998538196646       -12.888800853854278        2.1072769524302348        170.56180360455841     
   6.5599998533726307       -12.623992620690887        3.7269314443411452        173.25520767807674     
   6.5799998529255959       -12.155652600287356        5.3133091520731908        175.99114428437747     
   6.5999998524785610       -11.487962476695040        6.8408335167836949        178.77028507030442     
   6.6199998520315271       -10.628317979157465        8.2844534655486726        181.59331228892324     
   6.6399998515844922       -9.5872628476018953        9.6200473001956048        184.46091896700835     
   6.6599998511374574       -8.3783720439630258        10.824818287995100        187.37380907517434     
   6.6799998506904235       -7.0180852521139832        11.877675576254582        190.33269770069441     
   6.6999998502433886       -5.5254925106574824        12.759594183896112        193.33831122304744     
   6.7199998497963538       -3.9220746078408952        13.453948054856129        196.39138749223733     
   6.7399998493493198       -2.2314016237465322        13.946810488547902        199.49267600992843     
   6.7599998489022850      -0.47879371927636805        14.227216688018165        202.64293811344106     
   6.7799998484552502        1.3090510676378184        14.287383681590171        205.84294716265282     
   6.7999998480082153        3.1044566619931824        14.122883471998808        209.09348872985095     
   6.8199998475611814        4.8791905502367037        13.732765940154378        212.39536079258332     
   6.8399998471141465        6.6049008233286202        13.119628769273431        215.74937392955417     
   6.8599998466671117        8.2535620067313360        12.289632448558208        219.15635151961382     
   6.8799998462200778        9.7979227758163034        11.252459252227062        222.61712994389026     
   6.8999998457730429        11.211948516423817        10.021215956967245        226.13255879111315     
   6.9199998453260081        12.471251660537304        8.6122809455872478        229.70350106617963     
   6.9399998448789741        13.553502808435816        7.0450972330931343        233.33083340201409     
   6.9599998444319393        14.438815841736053        5.3419138296312312        237.01544627477341     
   6.9799998439849045        15.110100535143037        3.5274787086984043        240.75824422245046     
   6.9999998435378705        15.553376585447976        1.6286874648526743        244.56014606692958     
   7.0199998430908357        15.758043489551687      -0.32580749062408954        248.42208513954907     
   7.0399998426438009        15.717101312566330       -2.3060216479362938        252.34500951022505     
   7.0599998421967669        15.427318084252509       -4.2810908595227586        256.32988222019378     
   7.0799998417497321        14.889340337561569       -6.2197448364616514        260.37768151842943     
   7.0999998413026972        14.107744145864471       -8.0907945355583948        264.48940110179484     
   7.1199998408556633        13.091024913312539       -9.8636259599609417        268.66605035898499     
   7.1399998404086285        11.851525112382461       -11.508692676793931        272.90865461832237     
   7.1599998399615936        10.405300129829694       -12.997999254024892        277.21825539946548     
   7.1799998395145597        8.7719233621732524       -14.305567839035662        281.59591066909235     
   7.1999998390675248        6.9742326791876765       -15.407880244769943        286.04269510062119     
   7.2199998386204900        5.0380213332109625       -16.284288175543445        290.55970033803283     
   7.2399998381734552        2.9916773179565497       -16.917384611371919        295.14803526385907     
   7.2599998377264212       0.86577605779399347       -17.293329872790657        299.80882627140306     
   7.2799998372793864       -1.3073678774842539       -17.402126501499186        304.54321754125800     
   7.2999998368323515       -3.4941836004168070       -17.237837807821823        309.35237132219322     
   7.3199998363853176       -5.6603541971113254       -16.798745744242911        314.23746821647512     
   7.3399998359382828       -7.7713468574561366       -16.087444653853531        319.19970746969392     
   7.3599998354912479       -9.7929547861091883       -15.110868400670709        324.24030726516742     
   7.3799998350442140       -11.691842522783475       -13.880249401412989        329.36050502299349     
   7.3999998345971791       -13.436086114313518       -12.411009130307521        334.56155770382520     
   7.4199998341501443       -14.995699527150036       -10.722580743872950        339.84474211744276     
   7.4399998337031104       -16.343138770227320       -8.8381655547569036        345.21135523619876     
   7.4599998332560755       -17.453775415430322       -6.7844261556252654        350.66271451341208     
   7.4799998328090407       -18.306331554872134       -4.5911200387142941        356.20015820679117     
   7.4999998323620067       -18.883268717446271       -2.2906785570389410        361.82504570696290     
   7.5199998319149719       -19.171123876083673        8.2262987094441478E-002   367.53875787119119     
   7.5399998314679371       -19.160786404190336        2.4913774774928270        373.34269736236377     
   7.5599998310209031       -18.847710675251577        4.8991929228538273        379.23828899333324     
   7.5799998305738683       -18.232059932082134        7.2676661115973467        385.22698007669527     
   7.5999998301268334       -17.318778068483681        9.5587743458405026        391.31024078008988     
   7.6199998296797995       -16.117587051417605        11.735116195721714        397.48956448711454     
   7.6399998292327647       -14.642908850162495        13.760511929785462        403.76646816393514     
   7.6599998287857298       -12.913711913163823        15.600594134695589        410.14249273168764     
   7.6799998283386950       -10.953283425421096        17.223379042660440        416.61920344475936     
   7.6999998278916610       -8.7889297707529668        18.599809239877079        423.19819027504457     
   7.7199998274446262       -6.4516087953075063        19.704258733953381        429.88106830226729     
   7.7399998269975914       -3.9754986024280217        20.514991810199721        436.66947811046879     
   7.7599998265505574       -1.3975086859363546        21.014567701085070        443.56508619075544     
   7.7799998261035226        1.2432597888477144        21.190183822889331        450.56958535040638     
   7.7999998256564878        3.9060968364771140        21.033951189267931        457.68469512844234     
   7.8199998252094538        6.5493011122375702        20.543096581552639        464.91216221775602     
   7.8399998247624190        9.1308227784771017        19.720087126631888        472.25376089390903     
   7.8599998243153841        11.608922025853754        18.572674089865131        479.71129345070005     
   7.8799998238683502        13.942833097763280        17.113853915776179        487.28659064261086     
   7.8999998234213153        16.093423418995922        15.361745824975529        494.98151213423949     
   7.9199998229742805        18.023837342768740        13.339386582532407        502.79794695683051     
   7.9399998225272466        19.700114107590807        11.074444370708466        510.73781397201475     
   7.9599998220802117        21.091769838315486        8.5988550069411360        518.80306234287150     
   7.9799998216331769        22.172333832996035        5.9483850254173634        526.99567201243019     
   7.9999998211861429        22.919829944952159        3.1621273668531633        535.31765418972736     
   8.0199998207391072        23.317194591344890       0.28193657601827321        543.77105184354025     
   8.0399998202920742        23.352623786578782       -2.6481885292461951        552.35794020391620     
   8.0599998198450393        23.019842599604516       -5.5827657985138179        561.08042727162240     
   8.0799998193980045        22.318291554990033       -8.4755245502624010        569.94065433564015     
   8.0999998189509697        21.253225722660982       -11.280123797213077        578.94079649883122     
   8.1199998185039348        19.835723552782714       -13.950882923653495        588.08306321190560     
   8.1399998180569000        18.082603891021350       -16.443513472985032        597.36969881582070     
   8.1599998176098669        16.016251034669047       -18.715840507100101        606.80298309274622     
   8.1799998171628321        13.664349140075961       -20.728501981663666        616.38523182572919     
   8.1999998167157973        11.059528743991862       -22.445614746048165        626.11879736719698     
   8.2199998162687624        8.2389295928871800       -23.835396123829920        636.00606921643850     
   8.2399998158217276        5.2436853621647748       -24.870730556797515        646.04947460620269     
   8.2599998153746927        2.1183371687851653       -25.529671496866268        656.25147909856264     
   8.2799998149276597       -1.0898159857066485       -25.795869597815180        666.61458719018731     
   8.2999998144806248       -4.3314205803152621       -25.658919281286838        677.14134292717210     
   8.3199998140335900       -7.5558154904971495       -25.114616915317310        687.83433052957901     
   8.3399998135865552       -10.711811347734042       -24.165125132645059        698.69617502583765     
   8.3599998131395203       -13.748490547954098       -22.819039211806931        709.72954289716552     
   8.3799998126924855       -16.616015601647675       -21.091352926210426        720.93714273216403     
   8.3999998122454507       -19.266433192450904       -19.003322812934016        732.32172589175229     
   8.4199998117984176       -21.654461179243604       -16.582231400545329        743.88608718459977     
   8.4399998113513828       -23.738245844577143       -13.861051539318428        755.63306555322572     
   8.4599998109043479       -25.480076961593142       -10.878015572806662        767.56554477093380     
   8.4799998104573131       -26.847048721444988       -7.6760946514558643        779.68645414975026     
   8.4999998100102783       -27.811655229337919       -4.3023949916278310        791.99876925954345     
   8.5199998095632434       -28.352310132240014      -0.80747930238399057        804.50551265849833     
   8.5399998091162104       -28.453780974567461        2.7553770860752600        817.20975463512582     
   8.5599998086691755       -28.107530076212115        6.3309846767167128        830.11461396199047     
   8.5799998082221407       -27.311955073841201        9.8630810959770265        843.22325866133951     
   8.5999998077751059       -26.072523742539062        13.295202611376773        856.53890678282289     
   8.6199998073280710       -24.401799299314956        16.571572591321743        870.06482719349390     
   8.6399998068810362       -22.319354059458863        19.637993144636845        883.80434038028659     
   8.6599998064340031       -19.851571046168281        22.442725909837598        897.76081926516270     
   8.6799998059869683       -17.031334916930248        24.937347913931955        911.93769003313389     
   8.6999998055399335       -13.897615339513795        27.077568591885576        926.33843297335738     
   8.7199998050928986       -10.494947698267834        28.823994451569977        940.96658333351411     
   8.7399998046458638       -6.8728177097871939        30.142828482339134        955.82573218767982     
   8.7599998041988290       -3.0849581483043083        31.006492232129549        970.91952731789922     
   8.7799998037517941       0.81143260143340701        31.394159508466124        986.25167410968299     
   8.7999998033047611        4.7565390581329252        31.292191879925912        1001.8259364616453     
   8.8199998028577262        8.6888318846532435        30.694467550191167        1017.6461377095054     
   8.8399998024106914        12.546012456235600        29.602596727528173        1033.7161615646805     
   8.8599998019636566        16.265984492860746        28.026018296320924        1050.0399530677014     
   8.8799998015166217        19.787837839709482        25.981974389681092        1066.6215195566826     
   8.8999998010695869        23.052829052323109        23.495361336558616        1083.4649316510859     
   8.9199998006225538        26.005343251225273        20.598457384886185        1100.5743242510200     
   8.9399998001755190        28.593821761224881        17.330529554506480        1117.9538975523201     
   8.9599997997284841        30.771640346400499        13.737323919506029        1135.6079180776555     
   8.9799997992814493        32.497923392073403        9.8704455282854404        1153.5407197239217     
   8.9999997988344145        33.738280165238130        5.7866360105048784        1171.7567048261724     
   9.0199997983873796        34.465450296403972        1.5469586628146303        1190.2603452383498     
   9.0399997979403466        34.659846856288667       -2.7840975790552109        1209.0561834310845     
   9.0599997974933117        34.309986834323425       -7.1395824132354937        1228.1488336068282     
   9.0799997970462769        33.412800443045839       -11.451102540183404        1247.5429828325991     
   9.0999997965992421        31.973812450536496       -15.649878899484417        1267.2433921906102     
   9.1199997961522072        30.007190656560077       -19.667826693560400        1287.2548979470735     
   9.1399997957051724        27.535658648923818       -23.438641503069299        1307.5824127394558     
   9.1599997952581393        24.590272074548796       -26.898874438945430        1328.2309267824862     
   9.1799997948111045        21.210059802950447       -29.988979179833272        1349.2055090932079     
   9.1999997943640697        17.441533515113917       -32.654313916794067        1370.5113087353727     
   9.2199997939170348        13.338071384283602       -34.846081671132616        1392.1535560834895     
   9.2399997934700000        8.9591835929289125       -36.522193163267517        1414.1375641068312     
   9.2599997930229652        4.3696694184093401       -37.648037383740714        1436.4687296737202     
   9.2799997925759303      -0.36132251416994016       -38.197146240487150        1459.1525348764078     
   9.2999997921288973       -5.1613175011420944       -38.151741113994809        1482.1945483768775     
   9.3199997916818624       -9.9556067116100593       -37.503150824665966        1505.6004267738988     
   9.3399997912348276       -14.668391662105916       -36.252092381526495        1529.3759159916697     
   9.3599997907877928       -19.223963971173774       -34.408807912007063        1553.5268526903872     
   9.3799997903407579       -23.547902321056515       -31.993053339390315        1578.0591656990925     
   9.3999997898937231       -27.568267996548606       -29.033936645615558        1602.9788774711442     
   9.4199997894466900       -31.216780099353393       -25.569605898239534        1628.2921055626721     
   9.4399997889996552       -34.429951558751874       -21.646789595604737        1654.0050641343821     
   9.4599997885526204       -37.150167380341443       -17.320194256696105        1680.1240654770741     
   9.4799997881055855       -39.326687193683000       -12.651766514264288        1706.6555215612495     
   9.4999997876585507       -40.916555071834630       -7.7098292240953317        1733.6059456111905     
   9.5199997872115159       -41.885400791173822       -2.5681032429851913        1760.9819537038957     
   9.5399997867644828       -42.208118164213850        2.6953714825651369        1788.7902663932646     
   9.5599997863174480       -41.869407792426259        7.9994000694706635        1817.0377103599319     
   9.5799997858704131       -40.864173527266814        13.260865055515017        1845.7312200871531     
   9.5999997854233783       -39.197764068595838        18.396008577565198        1874.8778395631552     
   9.6199997849763434       -36.886053439831244        23.321744909939376        1904.4847240103695     
   9.6399997845293086       -33.955356524664928        27.956983115580755        1934.5591416419725     
   9.6599997840822738       -30.442178394529797        32.223939083262103        1965.1084754461635     
   9.6799997836352407       -26.392798760608184        36.049416064350609        1996.1402249986206     
   9.6999997831882059       -21.862695508843647        39.366032990271734        2027.6620083035746     
   9.7199997827411710       -16.915813880027105        42.113380349245787        2059.6815636639590     
   9.7399997822941362       -11.623690398127602        44.239084225485115        2092.2067515810900     
   9.7599997818471014       -6.0644430875133502        45.699760247977871        2125.2455566843469     
   9.7799997814000665      -0.32164181343247494        46.461840646224680        2158.8060896913239     
   9.7999997809530335        5.5169253083958729        46.502259348772675        2192.8965893989348     
   9.8199997805059986        11.360571594211729        45.808982064206027        2227.5254247059597     
   9.8399997800589638        17.117098086586726        44.381370525950466        2262.7010966675357     
   9.8599997796119290        22.694225621148824        42.230372530188177        2298.4322405820799     
   9.8799997791648941        28.001050774175873        39.378532014959674        2334.7276281111795     
   9.8999997787178593        32.949503076766483        35.859816179494089        2371.5961694329499     
   9.9199997782708262        37.455780504185086        31.719259484605104        2409.0469154294024     
   9.9399997778237914        41.441740228977125        27.012427264174679        2447.0890599083486     
   9.9599997773767566        44.836221969514995        21.804704569445025        2485.7319418603956     
   9.9799997769297217        47.576281972081567        16.170418716426859        2524.9850477515815     
   9.9999997764826869        49.608316729008472        10.191806766544900        2564.8580138522120     
   10.019999776035652        50.889056946604910        3.9578417966966541        2605.3606286024765     
   10.039999775588619        51.386414017831250       -2.4370657363831989        2646.5028350154171     
   10.059999775141584        51.080163303604813       -8.8944730026523118        2688.2947331178466     
   10.079999774694549        49.962450855777043       -15.313395668951875        2730.7465824298101     
   10.099999774247514        48.038112791836049       -21.591862445885468        2773.8688044832015     
   10.119999773800480        45.324799319485905       -27.628509768506898        2817.6719853801510     
   10.139999773353445        41.852898367739492       -33.324192062396421        2862.1668783918158     
   10.159999772906410        37.665256866007240       -38.583582412936977        2907.3644065982053     
   10.179999772459377        32.816700877151185       -43.316738209487589        2953.2756655696976     
   10.199999772012342        27.373358985888633       -47.440606487697515        2999.9119260908974     
   10.219999771565307        21.411796520300559       -50.880444246299106        3047.2846369275071     
   10.239999771118272        15.017971291066964       -53.571129966966176        3095.4054276368929     
   10.259999770671238        8.2860245202552196       -55.458343908493703        3144.2861114230313     
   10.279999770224203        1.3169234499666638       -56.499596464607336        3193.9386880365419     
   10.299999769777170       -5.7830252762711138       -56.665085946943741        3244.3753467205115     
   10.319999769330135       -12.903770024300943       -55.938369554026096        3295.6084692028412     
   10.339999768883100       -19.933192896581378       -54.316833980668662        3347.6506327358443     
   10.359999768436065       -26.758847597954254       -51.811955072292932        3400.5146131838433     
   10.379999767989030       -33.269729930536094       -48.449339092589462        3454.2133881595269     
   10.399999767541996       -39.358053474456888       -44.268541504228736        3508.7601402098303     
   10.419999767094962       -44.921002495911239       -39.322662610948207        3564.1682600521276     
   10.439999766647928       -49.862434042095288       -33.677722922715944        3620.4513498615302     
   10.459999766200893       -54.094501542214694       -27.411824629335097        3677.6232266100901     
   10.479999765753858       -57.539173036157436       -20.614109046327279        3735.6979254587391     
   10.499999765306823       -60.129618391951801       -13.383523274573125        3794.6897032027887     
   10.519999764859788       -61.811441537102993       -5.8274125370648893        3854.6130417718423     
   10.539999764412755       -62.543735797748091        1.9400423310983939        3915.4826517849697     
   10.559999763965720       -62.299942887011852        9.7995200105459190        3977.3134761620286     
   10.579999763518686       -61.068498877315228        17.628361769131040        4040.1206937920119     
   10.599999763071651       -58.853253592035998        25.302455708701988        4103.9197232593242     
   10.619999762624616       -55.673653215735591        32.698173714183305        4168.7262266288935     
   10.639999762177581       -51.564679500184454        39.694331350135243        4234.5561132910725     
   10.659999761730546       -46.576542682520696        46.174140117717002        4301.4255438672344     
   10.679999761283513       -40.774129075562065        52.027121122607454        4369.3509341770623     
   10.699999760836478       -34.236208179513369        57.150949325076787        4438.3489592684728     
   10.719999760389443       -27.054408038373570        61.453198152776210        4508.4365575111897     
   10.739999759942409       -19.331971361832725        64.852955353015574        4579.6309347549522     
   10.759999759495374       -11.182308593182038        67.282282534707747        4651.9495685533921     
   10.779999759048339       -2.7273675657729046        68.687492883462980        4725.4102124546080     
   10.799999758601306        5.9041574029390773        69.030224001670547        4800.0309003594930     
   10.819999758154271        14.578751234411595        68.288285696699404        4875.8299509488979     
   10.839999757707236        23.160110348241009        66.456265775606013        4952.8259721806835     
   10.859999757260201        31.511251047796311        63.545880458614832        5031.0378658578102     
   10.879999756813167        39.496661940109945        59.586059845044453        5110.4848322685484     
   10.899999756366132        46.984467095733748        54.622762898171707        5191.1863748999713     
   10.919999755919099        53.848565958907066        48.718520599409757        5273.1623052258774     
   10.939999755472064        59.970715848785439        41.951710193442189        5356.4327475703267     
   10.959999755025029        65.242523259622601        34.415567738533220        5441.0181440479646     
   10.979999754577994        69.567311074364156        26.216950422675627        5526.9392595823811     
   10.999999754130959        72.861830246300485        17.474864238757043        5614.2171870036982     
   11.019999753683924        75.057786462923417        8.3187765634648372        5702.8733522266612     
   11.039999753236890        76.103154762193086       -1.1132631100483226        5792.9295195105069     
   11.059999752789857        75.963257993105429       -10.676667639052059        5884.4077968018773     
   11.079999752342822        74.621588360972098       -20.222492221478461        5977.3306411621234     
   11.099999751895787        72.080355027045897       -29.599717624587466        6071.7208642802943     
   11.119999751448752        68.360744789168635       -38.657602227031028        6167.6016380732008     
   11.139999751001717        63.502887196094527       -47.248066819013786        6264.9965003738980     
   11.159999750554682        57.565519978985400       -55.228075018590332        6363.9293607100090     
   11.179999750107649        50.625355350970125       -62.461971644843928        6464.4245061732863     
   11.199999749660615        42.776152458062491       -68.823741457918885        6566.5066073818680     
   11.219999749213580        34.127505988433846       -74.199151339796956        6670.2007245366804     
   11.239999748766545        24.803365587308651       -78.487740247224593        6775.5323135734861     
   11.259999748319510        14.940305206998788       -81.604623108827624        6882.5272324120788     
   11.279999747872475        4.6855657725396913       -83.482077242336047        6991.2117473041571     
   11.299999747425442       -5.8051015077425721       -84.070882805917122        7101.6125392814465     
   11.319999746978407       -16.369760277747563       -83.341392231919897        7213.7567107056402     
   11.339999746531372       -26.842748558125276       -81.284307475471820        7327.6717919217808     
   11.359999746084338       -37.057235942740739       -77.911148190106530        7443.3857480166962     
   11.379999745637303       -46.847839627823433       -73.254398556604812        7560.9269856841684     
   11.399999745190268       -56.053258892173140       -67.367325371915499        7680.3243601985168     
   11.419999744743235       -64.518886717745289       -60.323465079528063        7801.6071824982910     
   11.439999744296200       -72.099356948571398       -52.215782613921647        7924.8052263818327     
   11.459999743849165       -78.660985746955035       -43.155510159582271        8049.9487358164715     
   11.479999743402130       -84.084067123821242       -33.270679107584371        8177.0684323631276     
   11.499999742955096       -88.264983989288297       -22.704363547319502        8306.1955227181697     
   11.519999742508061       -91.118098473898996       -11.612658475784871        8437.3617063743732     
   11.539999742061026       -92.577388184136680      -0.16242046209884342        8570.5991834028373     
   11.559999741613993       -92.597798541469345        11.471197305917009        8705.9406623578197     
   11.579999741166958       -91.156285366210000        23.107379915093045        8843.4193683063568     
   11.599999740719923       -88.252526350911026        34.562416635219257        8983.0690509847263     
   11.619999740272888       -83.909284959467755        45.652556233737030        9124.9239930836829     
   11.639999739825853       -78.172415516793720        56.196908019341173        9269.0190186645432     
   11.659999739378819       -71.110503742603214        66.020343525169380        9415.3895017081595     
   11.679999738931786       -62.814142648928197        74.956353020134387        9564.0713747989103     
   11.699999738484751       -53.394849477832608        82.849811026853885        9715.1011379458014     
   11.719999738037716       -42.983635113892284        89.559605737959004        9868.5158675428938     
   11.739999737590681       -31.729243074474756        94.961088659471940        10024.353225471195     
   11.759999737143646       -19.796080668751788        98.948302959174484        10182.651468344306     
   11.779999736696611       -7.3618701341958381        101.43595183674920        10343.449456900067     
   11.799999736249578        5.3849475796118682        102.36107172702583        10506.786665540494     
   11.819999735802543        18.248019288095470        101.68437925307741        10672.703192022384     
   11.839999735355509        31.026055311917602        99.391265506998977        10841.239767300935     
   11.859999734908474        43.515930162220791        95.492416388138054        11012.437765528814     
   11.879999734461439        55.515861179870406        90.024043297724006        11186.339214213129     
   11.899999734014404        66.828616164639868        83.047714393907413        11362.986804532782     
   11.919999733567369        77.264699799278617        74.649782764225890        11542.423901818762     
   11.939999733120336        86.645468215612397        64.940414180210027        11724.694556199922     
   11.959999732673301        94.806121384683493        54.052223464067922        11909.843513416876     
   11.979999732226267        101.59852414767367        42.138534820532477        12097.916225806659     
